==================================
Setup:
N: 15
T: 1
add: 1.0
del: 3.0
nat: 0.1
temp: 5.0
Source: Generated
A parameters: Normal{Float64}(μ=-0.07498799915476266, σ=0.28535680382806683)
r parameters: Normal{Float64}(μ=2.2267028066467236, σ=0.3198115664893998)
portion: 1.0
scaling: 1.0

==================================
Statistics:
Proportion of candidate states: 0.231475830078125
Candidate states: 7585
Total states: 32768
Total candidate pairs evaluated: 1000
Total natural transitions: 25158

Path length diff avg: -0.506
Path length diff val: [5, -3, 1, 0, 6, -5, -1, -2, 3, 4, 2, -4]
Path length diff count: [1, 78, 140, 347, 1, 5, 168, 146, 18, 4, 60, 32]

Cost improvement avg: 6.1834
Cost improvement val: [17.8, 20.7, 3.8, 8.8, 6.9, 7.8, 6.8, 4.9, 14.8, 10.9, 23.7, 9.9, 8.7, 20.9, 12.8, 0.7, 9.8, 2.9, 7.9, 19.8, 15.9, 14.6, 12.9, 1.9, 13.8, 17.9, 11.8, 0.0, 14.9, 8.9, 0.9, 0.8, 4.8, 2.8, 12.7, 7.6, 3.9, 5.9, 5.8, 15.8, 11.7, 3.7, 18.8, 7.7, 13.7, 1.8, 10.7, 4.7, 6.7, 18.7, 22.5, 15.7, 9.7, 11.9, 13.9, 16.8, 10.8, 14.7]
Cost improvement count: [1, 2, 22, 42, 34, 43, 24, 37, 6, 7, 1, 18, 8, 1, 17, 1, 21, 128, 25, 1, 3, 2, 9, 47, 12, 1, 27, 97, 5, 32, 19, 2, 38, 7, 2, 1, 38, 84, 45, 6, 4, 1, 2, 6, 2, 9, 8, 1, 5, 1, 1, 4, 1, 9, 3, 3, 20, 4]

==================================
A matrices:
(T = 1)
15×15 Matrix{Float64}:
 -1.0        -0.369746    -0.0931255    0.289997   -0.0756634  -0.125896    0.0698431   0.409854   -0.460376    -0.0153006   0.150853   -0.366172    -0.281882    0.383529   -0.127101
  0.152734   -1.0         -0.450596     0.100917   -0.17169     0.0788163  -0.0280075  -0.62067     0.198868    -0.201272    0.0968365   0.332772     0.0913562  -0.224558    0.225514
 -0.269622    0.0955054   -1.0         -0.280795   -0.264467    0.110211   -0.160855   -0.0656228  -0.43896      0.0882238  -0.418139   -0.228861    -0.377501   -0.249897   -0.440004
 -0.0450194  -0.230467    -0.217552    -1.0         0.0481955  -0.0799725  -0.448426    0.295515    0.120809    -0.302167    0.0581174  -0.307356    -0.0774486  -0.0867924   0.295361
 -0.0325268  -0.470404    -0.303816     0.0481937  -1.0        -0.419624   -0.0808111  -0.0331052  -0.382629    -0.280852   -0.218426   -0.00573347   0.135548   -0.0060755   0.0539695
 -0.0100964   0.00834939  -0.297705    -0.123532   -0.0174381  -1.0        -0.108358   -0.476914    0.270997    -0.217216    0.0505008  -0.260363     0.110489    0.0728877   0.158275
 -0.170133   -0.373493    -0.190073    -0.120233   -0.289193   -0.118217   -1.0        -0.37456     0.0812186    0.252439    0.285825   -0.25681     -0.120156    0.170013   -0.268264
  0.472069   -0.417154    -0.00653437  -0.0380838  -0.0150739  -0.392956   -0.426577   -1.0        -0.566125     0.181089   -0.705001    0.146735    -0.119839   -0.251112    0.503155
 -0.251179   -0.144533    -0.163858     0.16161     0.276237   -0.173296    0.030434   -0.0734031  -1.0          0.0482298   0.310953    0.0204689   -0.24029     0.133663    0.638838
 -0.16274    -0.0282039   -0.282939    -0.0167833   0.453055   -0.411453    0.294854    0.0255776  -0.186727    -1.0         0.0288628  -0.207879     0.051723    0.433254    0.34582
  0.268981   -0.0139809   -0.172532     0.345817   -0.0122153  -0.212509   -0.220832   -0.427417    0.562227    -0.0697774  -1.0        -0.187212    -0.0466876   0.212739   -0.0380557
 -0.171828   -0.206943     0.413912    -0.305952    0.117631    0.186733   -0.0231295  -0.406267    0.143355    -0.245066    0.12675    -1.0          0.161419    0.096449   -0.0136061
 -0.641443    0.353998     0.428461     0.0830286   0.366001   -0.179624   -0.264947    0.160398   -0.161551     0.0228505  -0.583859   -0.0651759   -1.0        -0.622742    0.0861344
  0.17177     0.172066    -0.182366    -0.157625   -0.221807    0.221868   -0.728461   -0.0286443   0.00559526   0.232244    0.45268     0.160077    -0.429198   -1.0         0.237468
  0.24557     0.0097645    0.149034    -0.282798   -0.192931    0.124881   -0.263268    0.118797   -0.259391    -0.148285   -0.0820234  -0.259198    -0.51914    -0.0277601  -1.0

==================================
r vectors:
(T = 1)
15-element Vector{Float64}:
 2.245436628329389
 1.8379487003702852
 1.9185147679180636
 1.6851362686334903
 1.9745040330181638
 2.362662897023422
 2.0202188682513498
 1.902971777820138
 2.5158247540494294
 1.7831451544905828
 2.846597993019536
 2.2860706981265815
 2.349932091816495
 1.6179908907861513
 2.389985584175531
