==================================
Setup:
N: 15
T: 1
add: 1.0
del: 3.0
nat: 0.1
temp: 5.0
Source: Generated
A parameters: Normal{Float64}(μ=-0.07498799915476266, σ=0.28535680382806683)
r parameters: Normal{Float64}(μ=2.2267028066467236, σ=0.3198115664893998)
portion: 1.0
scaling: 1.0

==================================
Statistics:
Proportion of candidate states: 0.317840576171875
Candidate states: 10415
Total states: 32768
Total candidate pairs evaluated: 1000
Total natural transitions: 22341

Path length diff avg: -0.476
Path length diff val: [-3, -6, 1, 0, -5, -1, -2, 3, -7, 4, 2, -4]
Path length diff count: [48, 3, 146, 396, 11, 179, 125, 11, 1, 3, 49, 28]

Cost improvement avg: 5.652400000000002
Cost improvement val: [1.7, 9.6, 3.8, 8.8, 6.9, 7.8, 8.6, 6.8, 4.9, 14.8, 10.6, 10.9, 8.7, 12.8, 0.7, 9.8, 2.9, 7.9, 6.6, 1.9, 13.8, 11.8, 2.7, 0.0, 14.9, 8.9, 0.9, 0.8, 4.8, 2.8, 12.7, 7.6, 3.9, 2.6, 5.9, 5.8, 15.8, 11.7, 3.7, 18.8, 5.7, 7.7, 13.7, 12.6, 1.8, 10.7, 4.7, 11.6, 6.7, 18.7, 9.7, 11.9, 13.9, 16.8, 10.8, 14.7, 17.7]
Cost improvement count: [1, 2, 35, 42, 15, 37, 2, 31, 46, 4, 1, 7, 10, 9, 2, 26, 127, 22, 2, 54, 6, 22, 2, 111, 3, 31, 21, 6, 32, 5, 4, 3, 21, 1, 70, 48, 2, 10, 6, 1, 8, 18, 3, 1, 7, 11, 7, 4, 10, 2, 12, 5, 2, 4, 22, 3, 1]

==================================
A matrices:
(T = 1)
15×15 Matrix{Float64}:
 -1.0         -0.0141151  -0.0097531  -0.0802413  -0.00966593  -0.251368    0.0663279    0.00227285  -0.345863   -0.323469   -0.020521    0.0830447  -0.0509754  -0.420715   -0.279254
  0.125167    -1.0        -0.0876621  -0.591106    0.0414808   -0.450072    0.218036    -0.158081    -0.816476   -0.30823    -0.304145    0.24059     0.155278   -0.222931    0.00410371
  0.154089     0.179668   -1.0         0.0321062   0.458264    -0.177704    0.13743      0.3524      -0.655656   -0.271756   -0.14121    -0.147195    0.422572   -0.0204375  -0.446015
  0.755165    -0.184109    0.20095    -1.0        -0.553956     0.169806    0.306181     0.0330473   -0.365201   -0.325875    0.400653   -0.0322969  -0.134899   -0.0591039   0.450547
 -0.594429    -0.0996843  -0.244802   -0.0998626  -1.0          0.149664   -0.112911     0.0379451   -0.0797139  -0.409475   -0.29009     0.151315    0.211292    0.14107    -0.542809
 -0.00944073   0.312477   -0.440113   -0.285157    0.00557716  -1.0        -0.00286971  -0.0752397   -0.458849    0.0176812   0.223185   -0.0709606   0.0604873  -0.383218   -0.0425747
 -0.516904     0.242532   -0.164555    0.0878546  -0.157496    -0.599173   -1.0         -0.371837     0.321426   -0.152072    0.0192192  -0.256033    0.0569308  -0.0280067  -0.267787
 -0.233331     0.137578   -0.0954246   0.119803    0.258597    -0.165599    0.43456     -1.0          0.110152   -0.623161    0.0554725  -0.255531   -0.148967   -0.295475   -0.245447
  0.155724     0.062357    0.183837    0.561093    0.054529    -0.0308348   0.0584338    0.169313    -1.0        -0.268998   -0.437753    0.339088   -0.744446   -0.119931   -0.122512
 -0.0560548    0.168467   -0.709817   -0.50058    -0.328444     0.228955   -0.117031     0.128757     0.028676   -1.0        -0.0931538   0.0762871  -0.348778   -0.22641     0.00789225
  0.285588     0.243597   -0.045728   -0.592842    0.419524     0.0963239   0.0995435    0.368942    -0.25098    -0.0993898  -1.0        -0.253756   -0.236787    0.156268   -0.303301
  0.266213    -0.509244    0.530904    0.227706   -0.777825     0.125131   -0.306433    -0.124651    -0.416327   -0.0179745  -0.216624   -1.0         0.225481   -0.38824     0.269308
 -0.105783    -0.361549    0.419286   -0.180545   -0.540957    -0.331262   -0.400456     0.356442    -0.371193    0.0489207   0.0593618  -0.0315331  -1.0         0.193116    0.406641
 -0.331702     0.0257432  -0.254599    0.287114    0.201083     0.488609   -0.14123     -0.58257     -0.749906   -0.509036   -0.328254   -0.16426     0.167167   -1.0        -0.713711
  0.0741837   -0.0726942  -0.245356   -0.0232621   0.0180941    0.213751   -0.259286    -0.774097    -0.2759     -0.102804    0.0826866  -0.0546602   0.244252    0.08643    -1.0

==================================
r vectors:
(T = 1)
15-element Vector{Float64}:
 1.9680447861793438
 1.8384180346538699
 1.8640218263871542
 2.1835338057311793
 1.794319887770225
 2.399733040535984
 2.368285115859416
 1.3351513848396692
 1.8958687601280477
 2.451013037344021
 2.4530238853952144
 2.373638510027708
 2.20285771305208
 2.552515953056419
 1.9649235510500014
