==================================
Setup:
N: 15
T: 1
add: 1.0
del: 3.0
nat: 0.1
temp: 5.0
Source: Generated
A parameters: Normal{Float64}(μ=-0.07498799915476266, σ=0.28535680382806683)
r parameters: Normal{Float64}(μ=2.2267028066467236, σ=0.3198115664893998)
portion: 1.0
scaling: 1.0

==================================
Statistics:
Proportion of candidate states: 0.214385986328125
Candidate states: 7025
Total states: 32768
Total candidate pairs evaluated: 1000
Total natural transitions: 25743

Path length diff avg: -0.366
Path length diff val: [5, -3, -6, 1, 0, -5, -1, -2, 3, -8, -7, 4, 2, -4]
Path length diff count: [1, 40, 1, 154, 438, 9, 152, 119, 11, 1, 3, 2, 50, 19]

Cost improvement avg: 4.775200000000001
Cost improvement val: [1.7, 17.8, 9.6, 3.8, 8.8, 6.9, 7.8, 6.8, 4.9, 14.8, 10.6, 10.9, 9.9, 8.7, 12.8, 0.7, 9.8, 2.9, 7.9, 6.6, 5.6, 1.9, 13.8, 11.8, 2.7, 0.0, 14.9, 8.9, 0.9, 0.8, 4.8, 2.8, 12.7, 7.6, 3.9, 5.9, 20.8, 5.8, 15.8, 11.7, 3.7, 5.7, 7.7, 13.7, 1.8, 10.7, 4.7, 6.7, 15.7, 9.7, 11.9, 13.9, 10.8, 14.7]
Cost improvement count: [3, 1, 2, 34, 45, 7, 35, 28, 35, 4, 1, 5, 3, 8, 1, 2, 8, 177, 7, 1, 1, 56, 3, 14, 4, 139, 1, 34, 22, 12, 32, 8, 4, 1, 15, 87, 1, 46, 1, 5, 8, 6, 10, 3, 19, 7, 9, 10, 1, 9, 5, 2, 17, 1]

==================================
A matrices:
(T = 1)
15×15 Matrix{Float64}:
 -1.0        -0.215399   -0.786011    0.142583   -0.612146     0.0294637   0.347228    0.403759    0.0746663   -0.217188   -0.288673   -0.0837896    0.316196    0.102494    0.0714801
  0.0464491  -1.0         0.0354916  -0.298845    0.613237     0.154704   -0.251404    0.312698    0.484642     0.0527637   0.0565679  -0.0428145    0.124048    0.342689   -0.281389
  0.269579   -0.276655   -1.0         0.1274     -0.692586     0.118637    0.235573    0.225738   -0.470169    -0.151597    0.276536   -0.190825    -0.20532    -0.127753    0.3297
  0.136873    0.0112504  -0.376088   -1.0        -0.678327    -0.0255131  -0.313406   -0.036986   -0.196719     0.201665   -0.682742   -0.401787     0.0230001  -0.0968743  -0.475365
 -0.270383   -0.58212    -0.129889    0.35763    -1.0         -0.211208    0.0601842  -0.423658   -0.653909    -0.23824     0.242972    0.00679487   0.266096   -0.313302   -0.506038
  0.2684     -0.580163    0.585954    0.11226    -0.00358317  -1.0         0.103721   -0.533075   -0.0573544   -0.0269477  -0.174209   -0.316748     0.0118679  -0.202303    0.116247
 -0.0982892   0.455025   -0.154178    0.0920887   0.226999    -0.311833   -1.0        -0.438077    0.112481     0.263791    0.254814   -0.452662    -0.0134834  -0.0531552   0.411492
 -0.261401   -0.327822   -0.0106504   0.33837     0.27812     -0.155418   -0.135605   -1.0         0.233645     0.0238055   0.185614   -0.143442     0.167666    0.267874    0.223494
 -0.30506     0.294186    0.244865   -0.0882762  -0.0925069   -0.416956   -0.072702   -0.0340103  -1.0          0.309685   -0.0328183  -0.0766262   -0.0892729  -0.395143    0.140022
  0.0458096  -0.155805   -0.420986   -0.0900781  -0.0631327   -0.530653   -0.14322     0.197193    0.113364    -1.0        -0.0586143   0.0111044   -0.370674   -0.127954   -0.405548
 -0.371886   -0.0973955  -0.42345    -0.0795685  -0.330976     0.232711   -0.053815   -0.0557762  -0.517228    -0.129992   -1.0        -0.10014      0.380688   -0.0631094  -0.609665
 -0.363528    0.217054   -0.376468    0.031545   -0.171324     0.279671    0.068926    0.12559    -0.703113    -0.177214   -0.10268    -1.0         -0.0550079  -0.0219742  -0.13808
 -0.470828    0.17355     0.128669   -0.179363   -0.129619    -0.247433    0.304512   -0.529722   -0.357568    -0.347737   -0.0452324  -0.665226    -1.0        -0.48704    -0.404536
 -0.145648    0.249952   -0.0333283  -0.0269961  -0.0928915   -0.651826    0.0192463   0.195338   -0.00407347   0.122992   -0.232625   -0.240015    -0.08001    -1.0        -0.132556
  0.419557   -0.100855   -0.199775   -0.257585    0.026099     0.273212   -0.469188    0.121675    0.0179438   -0.071731   -0.296854   -0.396658    -0.312262   -0.0813514  -1.0

==================================
r vectors:
(T = 1)
15-element Vector{Float64}:
 2.2891835356398276
 2.2157829302910077
 2.588352650490853
 2.222450371078898
 2.256175196629145
 2.2315796140787474
 1.738610770925314
 2.434853888445159
 2.5620368881584543
 2.367696521342345
 1.7664763139759447
 2.4596268823403125
 2.1461379716570703
 2.0511630185978307
 2.6557448324256145
