==================================
Setup:
N: 15
T: 1
add: 1.0
del: 3.0
nat: 0.1
temp: 5.0
Source: Generated
A parameters: Normal{Float64}(μ=-0.07498799915476266, σ=0.28535680382806683)
r parameters: Normal{Float64}(μ=2.2267028066467236, σ=0.3198115664893998)
portion: 1.0
scaling: 1.0

==================================
Statistics:
Proportion of candidate states: 0.2149658203125
Candidate states: 7044
Total states: 32768
Total candidate pairs evaluated: 1000
Total natural transitions: 25659

Path length diff avg: -0.314
Path length diff val: [0, 4, -5, -1, 2, -3, -2, -4, 3, 1]
Path length diff count: [345, 3, 7, 201, 74, 52, 127, 15, 28, 148]

Cost improvement avg: 6.516199999999998
Cost improvement val: [1.7, 3.8, 8.8, 6.9, 7.8, 6.8, 4.9, 14.8, 10.6, 10.9, 9.9, 8.7, 12.8, 9.8, 2.9, 7.9, 15.9, 12.9, 1.9, 13.8, 11.8, 0.0, 14.9, 8.9, 16.9, 0.9, 0.8, 4.8, 2.8, 12.7, 3.9, 16.7, 5.9, 5.8, 15.8, 11.7, 3.7, 18.8, 5.7, 7.7, 13.7, 1.8, 10.7, 4.7, 11.6, 6.7, 18.7, 9.7, 11.9, 13.9, 16.8, 10.8, 14.7, 17.7]
Cost improvement count: [1, 14, 51, 41, 39, 41, 38, 9, 1, 15, 16, 9, 18, 35, 109, 25, 1, 4, 40, 14, 33, 78, 3, 24, 1, 18, 5, 33, 7, 5, 41, 1, 74, 40, 9, 4, 2, 1, 2, 7, 1, 11, 10, 2, 1, 4, 2, 7, 14, 8, 2, 24, 4, 1]

==================================
A matrices:
(T = 1)
15×15 Matrix{Float64}:
 -1.0        -0.294971   0.0459291   -0.148884    0.110496   -0.0412412   0.128714    0.108345   -0.445798    0.113206    0.545894   -0.0326481   0.342184    0.0632726  -0.167285
 -0.221024   -1.0        0.168593     0.196991   -0.0736199  -0.19611    -0.478733   -0.368037    0.102154   -0.473163    0.0206723   0.091167    0.313818   -0.273294   -0.275589
 -0.339804   -0.51937   -1.0          0.230289    0.21424     0.424318   -0.687284   -0.433584    0.0990739  -0.193566    0.0517886   0.191358   -0.404861    0.0432159  -0.194025
 -0.416972    0.125548  -0.483712    -1.0        -0.382443   -0.770708    0.178919   -0.0664284  -0.178764   -0.154441   -0.330828   -0.0833364   0.435173   -0.353793    0.00869332
 -0.118036    0.163233   0.458095    -0.605361   -1.0         0.202143   -0.058717   -0.182548   -0.467766   -0.226853    0.321427    0.306117    0.0767972  -0.150622   -0.0648194
 -0.664894   -0.488908   0.250732     0.0573034   0.212269   -1.0        -0.283977    0.344942   -0.277227    0.473864    0.0742984  -0.0721679   0.256291   -0.52965     0.0348937
 -0.54828     0.360612  -0.309378    -0.122735   -0.0313377   0.0323053  -1.0         0.292484   -0.0222602   0.164926   -0.743751    0.390559   -0.0882615   0.284823   -0.299775
  0.0156479  -0.090683  -0.00847265  -0.605417    0.20443     0.225466    0.0449804  -1.0         0.085386   -0.335554    0.259071    0.283694    0.364258   -0.415817   -0.116617
 -0.0633482   0.2168    -0.336699    -0.102137    0.122842   -0.146176    0.188496   -0.20969    -1.0        -0.143208   -0.292792   -0.525104    0.338981   -0.0230444  -0.295741
  0.225894    0.366495   0.194792    -0.0809111  -0.284626    0.0415172   0.315707    0.32819    -0.0100477  -1.0         0.45372     0.156864   -0.348491   -0.33683     0.0511092
  0.0710533  -0.279293  -0.0465118   -0.657418   -0.0563952  -0.20579    -0.323224    0.162239    0.0241947  -0.162486   -1.0        -0.031038   -0.265777   -0.067599    0.0338854
  0.38893    -0.531609  -0.0279818   -0.0813948  -0.567551    0.10154     0.195399    0.262283   -0.265804   -0.123673   -0.0707122  -1.0        -0.109284   -0.03729    -0.15067
  0.22026     0.669799  -0.136342     0.162643    0.103542    0.527591   -0.0791951  -0.094175   -0.0768529  -0.0303939  -0.28835     0.323743   -1.0        -0.209161   -0.0626834
 -0.338843    0.298489  -0.373373     0.0828264  -0.568378   -0.614462   -0.302418   -0.335896   -0.272466    0.0641678  -0.038484   -0.369602    0.478845   -1.0         0.194142
 -0.385948   -0.374605  -0.441314    -0.144829    0.105711   -0.0592908  -0.102292   -0.245226   -0.173721    0.0880012   0.063328   -0.373553   -0.301218   -0.119578   -1.0

==================================
r vectors:
(T = 1)
15-element Vector{Float64}:
 2.2319368872854812
 2.3457957390923476
 2.112961944858514
 2.3553669584111154
 2.764905402755534
 2.316066023996478
 1.5952141588023538
 2.14887109659203
 1.7400662363557453
 1.8821234917509095
 2.028509844798571
 2.0296643356184783
 2.932979536778451
 2.5196951242378485
 2.132812274851644
