==================================
Setup:
N: 15
T: 1
add: 1.0
del: 3.0
nat: 0.1
temp: 5.0
Source: Generated
A parameters: Normal{Float64}(μ=-0.07498799915476266, σ=0.28535680382806683)
r parameters: Normal{Float64}(μ=2.2267028066467236, σ=0.3198115664893998)
portion: 1.0
scaling: 1.0

==================================
Statistics:
Proportion of candidate states: 0.31060791015625
Candidate states: 10178
Total states: 32768
Total candidate pairs evaluated: 1000
Total natural transitions: 22590

Path length diff avg: -0.39
Path length diff val: [-3, -6, 1, 0, -5, -1, -2, 3, 4, 2, -4]
Path length diff count: [41, 4, 144, 470, 5, 172, 101, 12, 3, 26, 22]

Cost improvement avg: 4.809899999999999
Cost improvement val: [17.8, 9.6, 3.8, 8.8, 6.9, 7.8, 8.6, 6.8, 4.9, 14.8, 10.6, 10.9, 8.7, 15.6, 12.8, 0.7, 9.8, 2.9, 7.9, 6.6, 4.6, 6.5, 5.6, 3.6, 13.6, 1.9, 13.8, 11.8, 2.7, 0.0, 14.9, 8.9, 0.9, 0.8, 4.8, 2.8, 12.7, 7.6, 3.9, 5.9, 5.8, 11.7, 3.7, 5.7, 7.7, 13.7, 12.6, 1.8, 10.7, 4.7, 11.6, 6.7, 18.7, 15.7, 9.7, 11.9, 8.4, 13.9, 1.6, 16.8, 10.8, 14.7]
Cost improvement count: [1, 5, 30, 38, 6, 36, 1, 24, 38, 5, 2, 2, 6, 1, 4, 2, 8, 186, 13, 3, 1, 1, 5, 2, 1, 53, 1, 8, 7, 139, 2, 15, 18, 10, 51, 6, 7, 3, 15, 71, 50, 9, 10, 6, 16, 2, 3, 8, 6, 10, 2, 16, 1, 1, 6, 5, 1, 1, 1, 2, 15, 2]

==================================
A matrices:
(T = 1)
15×15 Matrix{Float64}:
 -1.0        -0.192489    0.249439    0.341281    0.0712967   -0.0936233    -0.0452042   0.141679    -0.0728092   -0.161294   -0.192478   -0.466452   -0.187279    0.287393    0.0258999
  0.125954   -1.0         0.182529    0.0447028  -0.0139022   -0.0472794     0.318729    0.0242897    0.116863    -0.165802   -0.160978    0.346634    0.41513     0.652662   -0.258179
 -0.164774    0.537402   -1.0         0.327116   -0.094645    -0.0593403    -0.218232    0.391814     0.127135    -0.197207    0.468807    0.354077   -0.364438   -0.21922     0.425407
 -0.176795    0.332694    0.754087   -1.0        -0.270756    -0.394111      0.138982   -0.00151267   0.115319    -0.2514      0.234103   -0.351454    0.137198    0.0281464  -0.465216
 -0.391279    0.0782416   0.0523735   0.224806   -1.0          0.0835577    -0.144016   -0.259011    -0.00618604  -0.352943   -0.435626   -0.0747006   0.0222566  -0.115991   -0.0583449
 -0.250316    0.0384356   0.266264   -0.201248    0.0774713   -1.0           0.1149     -0.127776    -0.665861    -0.076086    0.523311   -0.475569   -0.16438    -0.105196    0.0249299
 -0.267115   -0.168192   -0.187299    0.320981   -0.224054     0.1019       -1.0        -0.0947781   -0.490561     0.651867    0.019942   -0.38899    -0.322587   -0.154948   -0.134885
 -0.446283   -0.188507   -0.431384   -0.25866    -0.0143948    0.359195      0.0555156  -1.0          0.303214    -0.220284    0.0719187   0.30613    -0.393205   -0.104706   -0.800012
 -0.284766   -0.493049   -0.399169    0.34897    -0.235726     0.206411      0.180271    0.153442    -1.0          0.359812   -0.353296    0.018272    0.236282    0.287761   -0.410674
 -0.0599507  -0.179547   -0.24961     0.133157    0.00363159  -0.331821     -0.0719928  -0.312666    -0.170663    -1.0        -0.514283    0.0842603   0.182874    0.393035    0.0974465
  0.187875    0.330869   -0.196962   -0.841225   -0.133453    -0.000411656  -0.119287    0.0125889   -0.0697748   -0.237845   -1.0        -0.0694469  -0.0560053  -0.687162   -0.231764
 -0.38697     0.434916   -0.31907     0.0646042   0.413566    -0.304219     -0.071251    0.0399047   -0.201644    -0.168111    0.025314   -1.0         0.187853    0.242546    0.315784
  0.153136    0.0407806  -0.142777    0.208408   -0.503354    -0.0480604     0.168781    0.0407656   -0.30046     -0.0856919   0.177405   -0.313022   -1.0        -0.0287168  -0.235111
  0.190257   -0.0429654  -0.0622528  -0.928304   -0.0368108   -0.00722976    0.277394   -0.712409    -0.326216    -0.332501    0.278702   -0.379353   -0.121295   -1.0         0.0695953
  0.269137   -0.343564   -0.0820123  -0.530208   -0.295973    -0.208373     -0.171033   -0.0522038    0.613571     0.107837    0.329581   -0.0781623  -0.278309    0.150558   -1.0

==================================
r vectors:
(T = 1)
15-element Vector{Float64}:
 2.0969715809964766
 2.8749840261838635
 2.4058916597083377
 1.3949870660838912
 2.100960344439512
 2.0610023942191846
 2.545579023869262
 1.7670300798905922
 1.9068434736564013
 2.7387583726804468
 2.3963301028461435
 2.1822267080538
 2.411968956674456
 2.0402764962439672
 2.689716306882295
