==================================
Setup:
N: 15
T: 1
add: 1.0
del: 3.0
nat: 0.1
temp: 5.0
Source: Generated
A parameters: Normal{Float64}(μ=-0.07498799915476266, σ=0.28535680382806683)
r parameters: Normal{Float64}(μ=2.2267028066467236, σ=0.3198115664893998)
portion: 1.0
scaling: 1.0

==================================
Statistics:
Proportion of candidate states: 0.380828857421875
Candidate states: 12479
Total states: 32768
Total candidate pairs evaluated: 1000
Total natural transitions: 20289

Path length diff avg: -0.323
Path length diff val: [0, -5, -1, 2, -3, -6, -4, -2, 3, 1]
Path length diff count: [503, 8, 123, 43, 40, 7, 21, 89, 6, 160]

Cost improvement avg: 4.4724
Cost improvement val: [1.7, 9.6, 3.8, 8.8, 6.9, 7.8, 6.8, 8.5, 4.9, 14.8, 10.6, 9.9, 8.7, 15.6, 12.8, 0.7, 9.8, 2.9, 7.9, 6.6, 5.6, 13.6, 1.9, 13.8, 11.8, 2.7, 0.0, 8.9, 0.9, 0.8, 4.8, 2.8, 7.5, 12.7, 7.6, 3.9, 16.7, 5.9, 5.8, 15.8, 11.7, 3.7, 5.7, 7.7, 13.7, 12.6, 1.8, 10.7, 4.7, 11.6, 6.7, 15.7, 9.7, 11.9, 10.8, 14.7, 17.7]
Cost improvement count: [1, 4, 22, 47, 3, 29, 18, 1, 33, 1, 1, 3, 4, 1, 1, 2, 5, 207, 4, 1, 1, 1, 40, 2, 16, 2, 180, 27, 11, 5, 45, 5, 1, 3, 2, 6, 2, 110, 50, 1, 4, 9, 5, 9, 1, 2, 22, 8, 7, 1, 15, 1, 4, 4, 7, 1, 2]

==================================
A matrices:
(T = 1)
15×15 Matrix{Float64}:
 -1.0         0.163704   -0.570768   -0.255722   -0.433386   -0.606071    0.157099   -0.0670389  -0.135523    0.066688   -0.530327   -0.640924    -0.302005     0.161267   -0.0147047
 -0.313541   -1.0         0.152211    0.121597    0.270863   -0.0289758   0.258503   -0.314601   -0.299409    0.221719    0.0919297  -0.163026    -0.54879     -0.33045    -0.212445
  0.0793712  -0.214122   -1.0         0.288504    0.374272   -0.0639708  -0.0547683   0.0566466  -0.261386   -0.477288   -0.378888   -0.408743    -0.693187    -0.113659    0.186933
 -0.395139    0.168393   -1.05091    -1.0        -0.235371    0.0459975  -0.0419304  -0.491707   -0.298097   -0.459793   -0.148916    0.0757302    0.00353447  -0.0543103   0.19897
  0.220456    0.0252456   0.0690821  -0.525946   -1.0        -0.18501    -0.132594   -0.170019   -0.0421771  -0.170821   -0.193859   -0.0392359    0.369351    -0.121289   -0.0282497
  0.0243506   0.0716427  -0.315643    0.174549   -0.242974   -1.0        -0.109753    0.0368441  -0.210575   -0.088853    0.102465    0.263391     0.172074     0.43697    -0.307065
 -0.321854   -0.0932193   0.0177215  -0.0681595  -0.196869   -0.132753   -1.0        -0.192021   -0.330887   -0.0161122  -0.205676   -0.246562     0.0327904    0.395714    0.192714
 -0.306637   -0.0992252  -0.16873    -0.0848189  -0.185524   -0.534046    0.445322   -1.0        -0.150394    0.294959    0.18404    -0.202059    -0.231088    -0.583142   -0.211973
 -0.467478    0.278425    0.117884   -0.135577   -0.68834    -0.228201   -0.71886     0.318852   -1.0        -0.738192   -0.4339      0.136846     0.326247     0.399122   -0.288349
  0.180486   -0.323742   -0.222677   -0.397949   -0.137533   -0.0645625  -0.019138    0.0204568   0.0124183  -1.0        -0.0600622  -0.176099     0.251202     0.0413891  -0.0759802
  0.188029    0.0404259   0.0507755   0.35654    -0.519397   -0.340488    0.383451    0.396613   -0.389163   -0.319485   -1.0         0.0666705   -0.0600166    0.315529    0.144211
 -0.060184   -0.103373    0.402279   -0.293875   -0.0358296  -0.33874    -0.071652   -0.234395   -0.025515   -0.0628491   0.155619   -1.0          0.233086    -0.28491    -0.261826
 -0.11866    -0.32905     0.114586   -0.456965   -0.375465   -0.123399    0.213644    0.131796   -0.263595    0.0944188   0.329873   -0.00469693  -1.0          0.249011   -0.0852186
 -0.469249    0.319936   -0.407195    0.163531   -0.0580256   0.116122   -0.346626   -0.0596349  -0.118742   -0.0778716   0.107425   -0.512269    -0.054457    -1.0        -0.303963
 -0.299871   -0.107526   -0.250196   -0.150046   -0.258659    0.353019   -0.336934   -0.452892   -0.0890576   0.445001    0.247415   -0.0992853   -0.275277    -0.0478349  -1.0

==================================
r vectors:
(T = 1)
15-element Vector{Float64}:
 2.688994418907868
 2.357553278602559
 2.6122492241840662
 2.954850052911346
 2.1940848916446134
 2.361566001482893
 2.7298908123856833
 2.5857845118568017
 1.5539125014725754
 2.430585709093828
 1.599041425545841
 1.4964486461782598
 2.2513574652853037
 2.1457268905478024
 2.6238903849607036
