==================================
Setup:
N: 15
T: 1
add: 1.0
del: 3.0
nat: 0.1
temp: 5.0
Source: Generated
A parameters: Normal{Float64}(μ=-0.07498799915476266, σ=0.28535680382806683)
r parameters: Normal{Float64}(μ=2.2267028066467236, σ=0.3198115664893998)
portion: 1.0
scaling: 1.0

==================================
Statistics:
Proportion of candidate states: 0.242156982421875
Candidate states: 7935
Total states: 32768
Total candidate pairs evaluated: 1000
Total natural transitions: 24743

Path length diff avg: -0.452
Path length diff val: [-3, -6, 1, 0, -5, -1, -2, 3, -7, 4, 2, -4]
Path length diff count: [54, 2, 132, 350, 13, 195, 132, 20, 2, 6, 70, 24]

Cost improvement avg: 6.193300000000002
Cost improvement val: [1.7, 17.7, 17.8, 9.6, 3.8, 8.8, 6.9, 7.8, 6.8, 4.9, 14.8, 10.6, 10.9, 9.9, 8.7, 12.8, 9.8, 2.9, 7.9, 19.8, 16.6, 14.6, 1.9, 13.8, 11.8, 2.7, 0.0, 14.9, 8.9, 0.9, 0.8, 4.8, 2.8, 12.7, 3.9, 16.7, 5.9, 5.8, 15.8, 11.7, 3.7, 18.8, 5.7, 7.7, 13.7, 1.8, 10.7, 4.7, 11.6, 6.7, 18.7, 15.7, 9.7, 11.9, 13.9, 16.8, 10.8, 14.7, 0.6]
Cost improvement count: [1, 1, 1, 3, 21, 32, 14, 48, 33, 39, 7, 2, 13, 7, 13, 11, 31, 100, 22, 1, 1, 1, 52, 13, 35, 1, 96, 4, 29, 22, 9, 37, 8, 4, 30, 2, 70, 56, 6, 12, 9, 3, 8, 9, 8, 6, 7, 5, 1, 8, 1, 4, 5, 8, 1, 2, 22, 4, 1]

==================================
A matrices:
(T = 1)
15×15 Matrix{Float64}:
 -1.0        -0.0893846  -0.122111    0.295952   -0.494641   -0.200177   -0.00101886  -0.188737    -0.430514   -0.34456    -0.188773    0.108438   -0.0415728  -0.503633     0.173817
  0.0341313  -1.0        -0.678623   -0.0161006  -0.227714    0.274802    0.0561894    0.171948    -0.454984    0.112869   -0.0979155  -0.386967    0.103841   -0.181351    -0.554528
 -0.245527   -0.581163   -1.0        -0.362873   -0.349942    0.349934   -0.015067    -0.510125    -0.463282   -0.203099    0.210894   -0.0502309   0.0144378  -0.439286    -0.228581
 -0.0779686  -0.0405266   0.27385    -1.0        -0.470238    0.541221    0.35966     -0.0802485    0.079939    0.263193   -0.27612    -0.0951852   0.206446    0.109097    -0.386471
 -0.31441    -0.291184    0.0870078   0.247297   -1.0        -0.334514    0.284503    -0.254707    -0.826616    0.487627   -0.484204    0.281625    0.0695762   0.468869    -0.752184
  0.0137897  -0.568586    0.142882   -0.459801   -0.250801   -1.0        -0.122153     0.0389948   -0.0322126  -0.09611     0.0490711  -0.0318411   0.173791   -0.528171     0.301493
  0.579931    0.152141    0.0330478   0.278937   -0.565799   -0.219114   -1.0         -0.173901    -0.548331   -0.132665   -0.1013      0.0263587   0.124638    0.00987254   0.00858127
 -0.721917    0.116219   -0.259214   -0.0908673   0.0165457  -0.151197   -0.307358    -1.0         -0.85932    -0.491039   -0.207417   -0.339041    0.498481    0.0114416    0.115545
  0.0762413   0.0822015  -0.264649    0.141709   -0.488006    0.352785   -0.562911     0.292365    -1.0         0.437896    0.549325   -0.141506   -0.0314144  -0.104029    -0.0147432
  0.0481211  -0.0930724  -0.589494   -0.0836249  -0.215461    0.152528    0.353029     0.105155    -0.483427   -1.0         0.0902739   0.313272   -0.299821   -0.255213     0.0178826
  0.0915771   0.306518   -0.442827   -0.178025   -0.192865   -0.123967   -0.111775    -0.42704      0.254331   -0.351847   -1.0         0.133664    0.209991    0.103035     0.0146901
  0.199888   -0.0958615  -0.17066    -0.647786    0.210919   -0.208843   -0.203451    -0.319991    -0.213537   -0.294407   -0.119235   -1.0        -0.216351   -0.652103    -0.429861
  0.0559311  -0.287711   -0.0548796  -0.237316    0.260215   -0.0128875  -0.516358    -0.00129002   0.146289   -0.187987   -0.0576618   0.0976912  -1.0        -0.281963     0.17397
 -0.22404    -0.423139    0.0225452  -0.403042   -0.453648    0.0274969  -0.636212    -0.491606     0.140759    0.0606086  -0.152279    0.289405    0.117726   -1.0          0.0398207
  0.0415505  -0.0901625   0.420153    0.46166    -0.529623    0.0163332   0.331669     0.0704091   -0.539186    0.10725    -0.0433012  -0.473403    0.09648    -0.593729    -1.0

==================================
r vectors:
(T = 1)
15-element Vector{Float64}:
 2.4073941749565893
 1.9470144832394722
 2.070948347799783
 2.057599950670807
 2.4327551713182793
 2.517707192028595
 1.790853985701927
 2.5062135131374994
 1.9532980228672154
 2.4681917464157994
 1.9569038496711486
 2.3155026482244594
 1.9379015465973255
 1.742715675524357
 2.0158267473528952
