==================================
Setup:
N: 15
T: 1
add: 1.0
del: 3.0
nat: 0.1
temp: 5.0
Source: Generated
A parameters: Normal{Float64}(μ=-0.07498799915476266, σ=0.28535680382806683)
r parameters: Normal{Float64}(μ=2.2267028066467236, σ=0.3198115664893998)
portion: 1.0
scaling: 1.0

==================================
Statistics:
Proportion of candidate states: 0.35302734375
Candidate states: 11568
Total states: 32768
Total candidate pairs evaluated: 1000
Total natural transitions: 21200

Path length diff avg: -0.207
Path length diff val: [-3, -6, 1, 0, -5, -1, -2, 3, 4, 2, -4]
Path length diff count: [32, 3, 158, 519, 2, 143, 80, 10, 2, 38, 13]

Cost improvement avg: 4.4137
Cost improvement val: [1.7, 9.6, 3.8, 8.8, 6.9, 7.8, 8.6, 6.8, 8.5, 4.9, 14.8, 10.6, 10.9, 4.5, 8.7, 12.8, 0.7, 9.8, 2.9, 7.9, 6.6, 19.8, 14.6, 6.5, 11.5, 5.6, 3.6, 1.9, 13.8, 11.8, 2.7, 0.0, 14.9, 8.9, 0.9, 0.8, 4.8, 2.8, 12.7, 7.6, 3.9, 2.6, 5.9, 5.8, 11.7, 3.7, 5.7, 7.7, 13.7, 12.6, 1.8, 10.7, 4.7, 11.6, 6.7, 9.7, 11.9, 10.8]
Cost improvement count: [1, 4, 36, 33, 3, 30, 1, 17, 1, 32, 4, 1, 3, 1, 7, 3, 2, 5, 204, 5, 4, 1, 1, 1, 1, 3, 2, 49, 3, 11, 1, 177, 1, 22, 8, 10, 47, 4, 2, 2, 9, 1, 105, 57, 6, 5, 7, 7, 2, 1, 13, 7, 2, 1, 13, 8, 6, 7]

==================================
A matrices:
(T = 1)
15×15 Matrix{Float64}:
 -1.0          0.0431635   -0.399587   -0.511428    -0.434686    0.0736474   -0.11157     -0.218742    -0.449161   -0.155127    -0.31197     0.385219     0.391372   -0.0312134  -0.12662
  0.104126    -1.0          0.117741   -0.356861     0.289807   -0.310986     0.196223     0.00564397   0.336787   -0.514288     0.311775   -0.177197     0.0770566  -0.383758    0.180677
 -0.2195      -0.130923    -1.0        -0.432868     0.137407    0.0942368   -0.806671    -0.229213    -0.364403   -0.153869     0.0509365  -0.120267    -0.764332   -0.0147178  -0.0940454
  0.311056    -0.38146      0.180043   -1.0          0.337181   -0.159699     0.19305      0.0551078    0.0769429  -0.164211    -0.0973361   0.393507     0.0519094   0.127237   -0.0290719
  0.256581    -0.481807     0.359231   -0.328456    -1.0         0.0870923    0.0888841    0.141155    -0.640062    0.100166     0.114203   -0.451779    -0.226354   -0.429674   -0.495488
  0.13199      0.00345525   0.0489241   0.0136791   -0.179372   -1.0          0.223694    -0.0219434   -0.220492   -0.0415883   -0.309259   -0.081988     0.188346   -0.172225   -0.394202
 -0.00655301  -0.41261      0.142674    0.0747466   -0.418828   -0.0836219   -1.0          0.157966    -0.524046   -0.165635     0.262166   -0.521169     0.185734    0.0964493  -0.550547
 -0.28914      0.112694    -0.0704465   0.146329     0.0587348  -0.00517048  -0.20946     -1.0          0.0459559   0.0298417   -0.627212    0.502769    -0.169585    0.136708   -0.0856097
  0.181184    -0.0160276    0.391034   -0.139201     0.183642   -0.321022     0.00576409  -0.506811    -1.0        -0.244192    -0.252655    0.0340365    0.236326   -0.417199   -0.114054
  0.438612    -0.0374197   -0.179798    0.145731     0.399553   -0.215855    -0.275672    -0.442913     0.306028   -1.0          0.145436   -0.560275     0.346977   -0.0458715   0.032041
 -0.28667     -0.138324    -0.0104501  -0.157845     0.113649   -0.0817961    0.108223    -0.336088    -0.417143   -0.617645    -1.0        -0.285482    -0.14025     0.200178    0.174116
 -0.256458    -0.143434     0.249243    0.182953    -0.482294   -0.0887509   -0.279458    -0.065013     0.0745453  -0.459271     0.171702   -1.0          0.223475   -0.0223357  -0.178098
  0.165623    -0.0751175   -0.0944674   0.360802     0.0555169  -0.286181    -0.39597      0.616159    -0.136806   -0.429102    -0.0451212   0.0639253   -1.0         0.409461    0.134959
 -0.257299    -0.304664    -0.201033   -0.00970499   0.391503   -0.234178     0.0353046    0.0706881   -0.368625    0.359772     0.104162   -0.0156339   -0.0238427  -1.0         0.40967
 -0.047415    -0.569117     0.0476634  -0.414708    -0.272523   -0.112589    -0.0199304    0.0514053    0.392162   -0.00274912   0.334988   -0.00198378   0.0667578  -0.449502   -1.0

==================================
r vectors:
(T = 1)
15-element Vector{Float64}:
 2.219535180663333
 2.5983514200237616
 2.652185671613652
 1.9584048147869129
 2.4777017986344783
 2.0911039961516513
 2.13105887474464
 2.462016977602878
 2.221015127105744
 2.132878191623419
 1.9708781654354433
 1.9781878347484945
 2.517885536380929
 1.9981247624709346
 2.008653651963011
