==================================
Setup:
N: 15
T: 1
add: 1.0
del: 3.0
nat: 0.1
temp: 5.0
Source: Generated
A parameters: Normal{Float64}(μ=-0.07498799915476266, σ=0.28535680382806683)
r parameters: Normal{Float64}(μ=2.2267028066467236, σ=0.3198115664893998)
portion: 1.0
scaling: 1.0

==================================
Statistics:
Proportion of candidate states: 0.252349853515625
Candidate states: 8269
Total states: 32768
Total candidate pairs evaluated: 1000
Total natural transitions: 24499

Path length diff avg: -0.574
Path length diff val: [5, -3, -6, 1, 0, -5, -1, -2, 3, 4, 2, -4]
Path length diff count: [2, 65, 7, 146, 403, 22, 158, 123, 9, 4, 37, 24]

Cost improvement avg: 5.288399999999999
Cost improvement val: [1.7, 19.7, 17.8, 9.6, 3.8, 8.8, 6.9, 7.8, 8.6, 6.8, 4.9, 14.8, 10.6, 10.9, 9.9, 8.7, 15.6, 12.8, 0.7, 9.8, 2.9, 7.9, 6.6, 19.8, 9.5, 4.6, 6.5, 5.6, 3.6, 13.6, 1.9, 13.8, 17.9, 11.8, 2.7, 0.0, 14.9, 16.5, 8.9, 0.9, 0.8, 4.8, 2.8, 12.7, 7.6, 3.9, 2.6, 16.7, 5.9, 5.8, 15.8, 11.7, 3.7, 5.7, 7.7, 13.7, 12.6, 1.8, 10.7, 4.7, 11.6, 6.7, 18.7, 15.7, 9.7, 11.9, 13.9, 16.8, 10.8, 14.7]
Cost improvement count: [3, 1, 2, 1, 40, 44, 11, 48, 4, 34, 38, 2, 3, 8, 4, 14, 1, 6, 2, 15, 143, 16, 4, 1, 1, 1, 1, 4, 1, 1, 49, 5, 2, 6, 3, 125, 1, 1, 18, 14, 15, 39, 7, 3, 2, 20, 1, 2, 72, 36, 2, 4, 7, 3, 16, 6, 1, 12, 8, 6, 2, 18, 1, 1, 7, 5, 1, 1, 22, 2]

==================================
A matrices:
(T = 1)
15×15 Matrix{Float64}:
 -1.0        -0.110612     0.315738    -0.169207   -0.570526    -0.185246    -0.0400875  -0.326187    -0.208927   -0.242198   -0.696538    0.30039     -0.256101    0.226228   -0.195656
  0.155242   -1.0         -0.345919    -0.904411    0.0343432   -0.0915963   -0.489058   -0.459498    -0.0980631  -0.111718   -0.234319    0.0500848    0.242636    0.138762    0.191664
  0.0045802   0.229644    -1.0         -0.215253    0.826036     0.279102     0.232267   -0.135708    -0.441353   -0.098883   -0.135054    0.324541     0.147096    0.0333392  -0.0834761
 -0.550753    0.33189     -0.525221    -1.0         0.231643     0.00857269   0.0152991   0.00604943  -0.251726   -0.0950763  -0.597725   -5.67342e-5  -0.173637   -0.228847   -0.252027
 -0.136376   -0.0950994   -0.00240421  -0.734051   -1.0         -0.0689379   -0.0714964   0.108999    -0.295578   -0.0221466  -0.0267855  -0.165252    -0.468123    0.369159   -0.244131
 -0.43697    -0.371708    -0.438678    -0.157284    0.392125    -1.0          0.0657964  -0.017038     0.207651   -0.150455    0.146314   -0.0452222    0.303907    0.198381    0.186102
 -0.178813   -0.00719025  -0.409446    -0.467337    0.188937     0.207478    -1.0        -0.496169    -0.555788    0.635934   -0.029274    0.333774    -0.196509    0.466352   -0.0953018
 -0.204355    0.0113336    0.0357034   -0.577384    0.0820868   -0.33833      0.442928   -1.0          0.625202   -0.168623   -0.0706247  -0.0086296   -0.0958918  -0.580632   -0.289182
 -0.434328    0.0551695   -0.713448     0.176935   -0.168634    -0.0650853   -0.0349304  -0.142882    -1.0        -0.126399   -0.33924    -0.499201    -0.209824   -0.0993444   0.183909
  0.366122   -0.267891    -0.172216    -0.0719944   0.0301048   -0.3289      -0.279574   -0.482192     0.305321   -1.0        -0.284297   -0.434465    -0.111891   -0.219919    0.394825
  0.174216    0.27162     -0.069216    -0.135739   -0.0842855    0.629024     0.280907   -0.291297    -0.315071   -0.0591308  -1.0        -0.0483454    0.293088   -0.743218   -0.314299
 -0.31127     0.193344    -0.68722     -0.288999    0.0804628   -0.485024    -0.260012   -0.00575509  -0.544474    0.138606    0.011046   -1.0          0.27412    -0.0720454   0.327413
 -0.227128   -0.225134    -0.108499    -0.0133736  -0.00399965  -0.402372    -0.245623    0.0522274   -0.0594992  -0.281647   -0.47199     0.203909    -1.0         0.262544    0.0133167
 -0.621435   -0.0218917   -0.196627     0.0346468  -0.216906     0.104186     0.105809   -0.0359879   -0.256961   -0.273271   -0.857742    0.103985     0.129129   -1.0        -0.287606
  0.222108    0.124921    -0.00558015  -0.555677    0.257048     0.313408     0.263751   -0.211771     0.40146     0.0885247  -0.0109535   0.00611577  -0.257019   -0.209459   -1.0

==================================
r vectors:
(T = 1)
15-element Vector{Float64}:
 1.9962314220648067
 2.2328109825803004
 2.8931184297786356
 2.2497556939577543
 2.2116852576365287
 2.2882041054436737
 2.477259968312929
 2.3259082154092097
 1.9760520364916845
 1.941919802623015
 1.9071128259465433
 1.9516644660384164
 2.2653963913371715
 1.7201670322876108
 1.6284840231657496
