==================================
Setup:
N: 15
T: 1
add: 1.0
del: 3.0
nat: 0.1
temp: 5.0
Source: Generated
A parameters: Normal{Float64}(μ=-0.07498799915476266, σ=0.28535680382806683)
r parameters: Normal{Float64}(μ=2.2267028066467236, σ=0.3198115664893998)
portion: 1.0
scaling: 1.0

==================================
Statistics:
Proportion of candidate states: 0.256195068359375
Candidate states: 8395
Total states: 32768
Total candidate pairs evaluated: 1000
Total natural transitions: 24368

Path length diff avg: -0.456
Path length diff val: [-3, -6, 1, 0, -5, -1, -2, 3, -7, 4, 2, -4]
Path length diff count: [56, 2, 127, 429, 10, 172, 109, 8, 1, 2, 58, 26]

Cost improvement avg: 5.104199999999999
Cost improvement val: [1.7, 17.8, 9.6, 3.8, 8.8, 6.9, 7.8, 8.6, 6.8, 4.9, 14.8, 10.6, 10.9, 9.9, 8.7, 12.8, 0.7, 9.8, 2.9, 7.9, 6.6, 12.5, 1.9, 13.8, 11.8, 2.7, 0.0, 14.9, 16.5, 8.9, 0.9, 0.8, 4.8, 2.8, 12.7, 3.9, 2.6, 16.7, 5.9, 5.8, 15.8, 11.7, 3.7, 5.7, 7.7, 13.7, 5.5, 1.8, 10.7, 4.7, 6.7, 15.7, 9.7, 11.9, 13.9, 10.8, 14.7, 17.7]
Cost improvement count: [1, 1, 3, 34, 27, 13, 43, 2, 34, 30, 2, 1, 2, 1, 14, 6, 2, 23, 157, 16, 2, 1, 47, 3, 16, 4, 121, 2, 1, 38, 18, 17, 47, 6, 1, 22, 1, 1, 76, 53, 3, 6, 12, 6, 10, 2, 1, 11, 11, 6, 13, 2, 8, 5, 1, 12, 1, 1]

==================================
A matrices:
(T = 1)
15×15 Matrix{Float64}:
 -1.0        -0.073422   -0.261626   -0.431604   -0.208278   -0.194042   -0.263721   -0.447726    0.215795    -0.0261451   0.00257104  -0.426648   -0.0388028  -0.0355255  -0.148569
 -0.563419   -1.0        -0.0620496  -0.214051   -0.22262    -0.179395    0.0888149   0.0452941   0.223336    -0.0775679   0.359868    -0.299117   -0.040843   -0.238293    0.337587
 -0.149621   -0.286704   -1.0        -0.20604    -0.122998   -0.558819    0.185304   -0.196556    0.443614    -0.0480266  -0.0798929   -0.247785    0.0705981  -0.524464   -0.16349
 -0.382174   -0.372873   -0.0328349  -1.0        -0.158352   -0.385273   -0.719894   -0.0458897   0.250229    -0.110425   -0.0398702   -0.342742    0.20589    -0.392505    0.294852
 -0.100661   -0.383206    0.314188   -0.615235   -1.0        -0.431147    0.105041    0.457167    0.0924313   -0.045682   -0.412963    -0.350383    0.0103534   0.38251    -0.318779
 -0.303474   -0.319194    0.025885   -0.131276   -0.34647    -1.0        -0.149522   -0.226489   -0.332281     0.173344   -0.84962      0.0525231  -0.0465259   0.276327   -0.077971
  0.0988476  -0.395155    0.0596583  -0.147835    0.312582   -0.0327527  -1.0         0.283061   -0.329321     0.250743   -0.24322     -0.0562788   0.351995   -0.385769   -0.174199
  0.239767   -0.129637    0.304529   -0.754075    0.28257     0.473304   -0.663113   -1.0        -0.167677     0.392772    0.0263407   -0.682975   -0.0103168  -0.326409   -0.233308
 -0.356567    0.0113675  -0.283065    0.0733225   0.237436    0.0998888   0.0503961  -0.0499268  -1.0         -0.486465   -0.100572     0.149314   -0.260137    0.427557    0.182756
 -0.166966    0.30275    -0.207911   -0.234428   -0.112654    0.272414   -0.223434   -0.347086    0.00544504  -1.0         0.481487     0.239141   -0.157048    0.193615   -0.300851
  0.227977   -0.116773   -0.155038    0.466954   -0.324964   -0.363005   -0.0922868   0.219094   -0.1341       0.187557   -1.0          0.145982   -0.116352   -0.229022    0.0103471
  0.266864   -0.084861   -0.774777    0.0638973  -0.136166    0.0526427  -0.253153    0.276087   -0.0446018    0.349106    0.294449    -1.0        -0.314039   -0.183797   -0.340396
 -0.225663   -0.185515   -0.417884   -0.179179   -0.555085    0.129672   -0.245701   -0.026252   -0.215779     0.672652   -0.294677     0.147741   -1.0        -0.12403    -0.179359
  0.0263282  -0.395406   -0.609047    0.345768   -0.0927364  -0.0363258  -0.151056   -0.280021   -0.393506    -0.215258   -0.23684      0.169133   -0.300168   -1.0        -0.406632
  0.204716    0.227852   -0.309916   -0.383598   -0.116803    0.218547    0.394236    0.100692    0.137776    -0.131172   -0.163049    -0.0254296  -0.44868     0.123034   -1.0

==================================
r vectors:
(T = 1)
15-element Vector{Float64}:
 1.8915125798912207
 2.6532996219312457
 2.045331959398977
 1.9877640916397148
 1.9579870205376446
 2.342431036177423
 1.9853111229204148
 1.925278998606884
 1.6831153825467804
 2.4757733204273835
 2.049215166576342
 2.6659747593508802
 2.4589510106784314
 1.85374547180656
 2.0443358878083084
