==================================
Setup:
N: 15
T: 1
add: 1.0
del: 3.0
nat: 0.1
temp: 5.0
Source: Generated
A parameters: Normal{Float64}(μ=-0.07498799915476266, σ=0.28535680382806683)
r parameters: Normal{Float64}(μ=2.2267028066467236, σ=0.3198115664893998)
portion: 1.0
scaling: 1.0

==================================
Statistics:
Proportion of candidate states: 0.339447021484375
Candidate states: 11123
Total states: 32768
Total candidate pairs evaluated: 1000
Total natural transitions: 21645

Path length diff avg: -0.562
Path length diff val: [-3, -6, 1, 0, -5, -1, -2, 3, -8, -7, 4, 2, -4]
Path length diff count: [43, 11, 118, 467, 13, 171, 107, 6, 1, 3, 3, 32, 25]

Cost improvement avg: 4.727099999999999
Cost improvement val: [1.7, 17.8, 9.6, 3.8, 8.8, 6.9, 7.8, 8.6, 6.8, 4.9, 14.8, 10.6, 10.9, 10.5, 6.4, 9.9, 8.7, 15.6, 12.8, 0.7, 9.8, 2.9, 7.9, 6.6, 18.6, 12.5, 9.5, 4.6, 14.5, 5.6, 3.6, 1.9, 13.8, 11.8, 2.7, 0.0, 14.9, 8.9, 0.9, 0.8, 4.8, 2.8, 12.7, 7.6, 3.9, 2.6, 16.7, 5.9, 5.8, 15.8, 11.7, 3.7, 5.7, 7.7, 13.7, 12.6, 1.8, 10.7, 4.7, 11.6, 6.7, 15.7, 9.7, 11.9, 13.9, 10.8, 14.7]
Cost improvement count: [2, 1, 2, 30, 28, 9, 32, 1, 34, 38, 2, 5, 2, 1, 1, 5, 9, 1, 4, 4, 12, 172, 21, 1, 1, 1, 1, 1, 1, 3, 3, 49, 5, 10, 3, 153, 2, 17, 16, 11, 43, 12, 1, 2, 26, 1, 2, 57, 61, 4, 6, 2, 4, 8, 3, 2, 20, 5, 8, 2, 12, 1, 5, 3, 1, 13, 2]

==================================
A matrices:
(T = 1)
15×15 Matrix{Float64}:
 -1.0         0.105386   -0.174166    -0.233711     0.283208   -0.209291    -0.390768    -0.156259    -0.51425    -0.569953    0.284266   -0.151998   -0.663406    0.0231225   -0.127157
 -0.0435682  -1.0         0.41094      0.108317    -0.400489    1.24082e-5   0.119701    -0.195066     0.0827392  -0.613074    0.242959   -0.378991    0.367375    0.120633     0.0370744
  0.0387954  -0.375757   -1.0         -0.268681     0.188866   -0.620903    -0.108196     0.00409094  -0.227802   -0.23372    -0.22078    -0.220651   -0.167386    0.214457     0.101066
  0.0136317   0.02321     0.332605    -1.0          0.449079   -0.0612723    0.117422    -0.205608    -0.0996038  -0.319937    0.0768369  -0.126165   -0.286224    0.0103531   -0.210717
 -0.0136805  -0.310712    0.227751     0.00696211  -1.0        -0.103806    -0.413999    -0.257311     0.463951   -0.287996   -0.280884   -0.163447   -0.27254     0.552121    -0.630709
 -0.51779    -0.0671617  -0.235297     0.229933     0.150946   -1.0         -0.00870562  -0.249283     0.358424   -0.155375    0.0115139  -0.366785   -0.637879   -0.186958    -0.486611
 -0.40221     0.026235    0.458636     0.312074    -0.0080926  -0.622679    -1.0          0.290441    -0.720346   -0.540248    0.207235    0.244977   -0.137198   -0.00818968   0.524517
 -0.361596   -0.0188568  -0.164392    -0.218605     0.183577    0.346657    -0.580031    -1.0          0.142524   -0.133636    0.0435442  -0.453112   -0.643496   -0.466417     0.290851
  0.535743   -0.593239   -0.0704032    0.0144992    0.279293   -0.0780063    0.302759    -0.568339    -1.0        -0.479427    0.399226   -0.0137665  -0.253852    0.271239     0.35655
  0.202765   -0.0618627   0.337284     0.0641062    0.0429752   0.0471498   -0.122247     0.101376    -0.172431   -1.0        -0.34421     0.0428892  -0.0755169  -0.37         0.0650651
 -0.247758    0.0276547  -0.112485    -0.35606     -0.0530091   0.29155     -0.0246522   -0.0731668   -0.103017   -0.164379   -1.0        -0.291915    0.29671    -0.173183    -0.345999
 -0.445889    0.0823722  -0.365059    -0.145211    -0.0178851  -0.0722356   -0.244334    -0.0181643    0.433794   -0.18164     0.291637   -1.0        -0.455467   -0.0137222    0.407637
 -0.170212   -0.378509    0.00900783   0.0530856    0.299034   -0.399146     0.164231    -0.0702717   -0.474702   -0.477236   -0.0544581  -0.108544   -1.0        -0.189667    -0.0804885
  0.290107    0.389185   -0.129966    -0.661982    -0.138303   -0.0622882   -0.215993    -0.0876765   -0.518657   -0.0198275  -0.0565525   0.0100424  -0.378486   -1.0         -0.0798821
  0.135714   -0.139133   -0.26422      0.00381891  -0.35203     0.481034     0.331362     0.463603     0.133443    0.408821   -0.286688    0.411047    0.0021748  -0.0569435   -1.0

==================================
r vectors:
(T = 1)
15-element Vector{Float64}:
 2.345683659595721
 2.446430900273179
 2.4216902011911983
 2.30332432470187
 2.190598617111758
 2.4337502376730646
 2.0206810462483897
 2.07017851276985
 2.2121724766473703
 1.7755994895661762
 2.644505742560924
 2.463837527480497
 2.2796535530000264
 2.1573078119202624
 2.3608418556344613
