==================================
Setup:
N: 15
T: 1
add: 1.0
del: 3.0
nat: 0.1
temp: 5.0
Source: Generated
A parameters: Normal{Float64}(μ=-0.07498799915476266, σ=0.28535680382806683)
r parameters: Normal{Float64}(μ=2.2267028066467236, σ=0.3198115664893998)
portion: 1.0
scaling: 1.0

==================================
Statistics:
Proportion of candidate states: 0.282684326171875
Candidate states: 9263
Total states: 32768
Total candidate pairs evaluated: 1000
Total natural transitions: 23505

Path length diff avg: -0.242
Path length diff val: [0, -5, -1, 2, -3, -2, -4, 3, 1]
Path length diff count: [492, 3, 171, 40, 27, 93, 11, 6, 157]

Cost improvement avg: 4.3732999999999995
Cost improvement val: [9.6, 3.8, 8.8, 6.9, 7.8, 6.8, 4.9, 14.8, 10.6, 10.9, 8.7, 12.8, 9.8, 2.9, 7.9, 14.6, 5.6, 1.9, 13.8, 11.8, 2.7, 0.0, 8.9, 0.9, 0.8, 4.8, 2.8, 12.7, 3.9, 5.9, 5.8, 11.7, 3.7, 5.7, 7.7, 13.7, 1.8, 10.7, 4.7, 6.7, 9.7, 11.9, 13.9, 10.8, 14.7]
Cost improvement count: [1, 31, 35, 3, 27, 15, 43, 3, 1, 1, 10, 1, 11, 196, 12, 1, 1, 68, 4, 4, 2, 163, 31, 21, 12, 42, 3, 3, 19, 99, 55, 3, 4, 2, 12, 2, 8, 5, 5, 10, 12, 2, 1, 15, 1]

==================================
A matrices:
(T = 1)
15×15 Matrix{Float64}:
 -1.0        -0.52592    -0.28299     -0.389564   0.0280004  -0.0813519   0.106231    -0.254264     0.319582    0.0565034  -0.122016   -0.033045   -0.027143   -0.234509    0.182787
 -0.794011   -1.0         0.105773    -0.280889  -0.371624   -0.4196      0.407584    -0.0595603    0.497659   -0.792893   -0.101227    0.129068    0.146727    0.0534319  -0.38667
  0.517073   -0.276813   -1.0         -0.213155  -0.189504   -0.105452    0.00473871  -0.285893    -0.18739     0.210233   -0.46281    -0.110762    0.0747785   0.0150853  -0.312199
 -0.352712   -0.407742   -0.113538    -1.0        0.27347    -0.151611   -0.464299    -0.206098     0.0474856  -0.859737   -0.518158    0.520221   -0.200259   -0.0322891  -0.401456
 -0.103982   -0.198374    0.0656422   -0.015376  -1.0        -0.144743    0.23861     -0.469395    -0.21914    -0.129784    0.605297   -0.0743826   0.0449809  -0.0017117   0.162984
 -0.515155   -0.277294   -0.0302698   -0.27072    0.0814462  -1.0         0.109821    -0.138245     0.303516    0.388275    0.0699253  -0.406466    0.30092     0.0873526  -0.143805
 -0.0462261  -0.134463    0.278734    -0.149284   0.335048    0.297364   -1.0          0.322387    -0.0173846   0.191105    0.0535914  -0.217941   -0.0595203  -0.220634   -0.216906
 -0.0755513  -0.287873   -0.420397    -0.195362   0.0176738   0.40404     0.215224    -1.0          0.151052   -0.451001   -0.566462   -0.460081   -0.0306005  -0.0508609   0.217965
  0.212877    0.0261071  -0.164637    -0.325588  -0.363651   -0.254455    0.410392    -0.0793998   -1.0        -0.344309   -0.154216   -0.473097   -0.431105   -0.514041   -0.0973122
  0.165917   -0.166408    0.134426     0.134654   0.223786   -0.131776    0.00534952   0.00983193   0.273745   -1.0        -0.163164    0.295659   -0.492444   -0.213507   -0.161957
  0.255476    0.317097   -0.510964     0.343868  -0.317361   -0.0648553  -0.394322     0.0390507   -0.0736257  -0.163848   -1.0        -0.0684173  -0.363418    0.297713   -0.438474
 -0.210578    0.0227475   0.287628    -0.166703   0.0871791  -0.14897     0.295265    -0.309527    -0.375296   -0.14083     0.247334   -1.0         0.144076    0.058072   -0.136375
 -0.14479    -0.244947    0.00563123  -0.212731  -0.40308     0.261765    0.0601802   -0.223481     0.246779    0.4034     -0.455778    0.115608   -1.0        -0.136546   -0.744771
 -0.0544786   0.099918   -0.2502      -0.229177   0.0366413   0.53021     0.416259    -0.309326    -0.0498911  -0.198171   -0.098119   -0.430465   -0.0285347  -1.0        -0.282772
 -0.221322    0.102517    0.363316     0.143072  -0.358586    0.144648    0.442764    -0.220139    -0.435487    0.0213386  -0.0206692  -0.201347    0.0389894   0.243885   -1.0

==================================
r vectors:
(T = 1)
15-element Vector{Float64}:
 2.3760844354928263
 2.4172122633697737
 2.090387003300598
 2.5257110748934757
 2.338230126613748
 3.0569275429999965
 2.4522487840688156
 2.539630706220464
 1.5122380396144575
 1.6703972343951428
 2.1478367066869857
 2.8593075379120014
 2.3259434945158226
 2.395361614083578
 2.3141904527732047
