==================================
Setup:
N: 15
T: 1
add: 1.0
del: 3.0
nat: 0.1
temp: 5.0
Source: Generated
A parameters: Normal{Float64}(μ=-0.07498799915476266, σ=0.28535680382806683)
r parameters: Normal{Float64}(μ=2.2267028066467236, σ=0.3198115664893998)
portion: 1.0
scaling: 1.0

==================================
Statistics:
Proportion of candidate states: 0.291259765625
Candidate states: 9544
Total states: 32768
Total candidate pairs evaluated: 1000
Total natural transitions: 23224

Path length diff avg: -0.346
Path length diff val: [-3, -6, 1, 0, -5, -1, -2, 3, -7, 4, 2, -4]
Path length diff count: [54, 1, 121, 480, 3, 164, 91, 15, 1, 2, 48, 20]

Cost improvement avg: 4.663499999999998
Cost improvement val: [1.7, 17.8, 9.6, 3.8, 8.8, 6.9, 7.8, 6.8, 4.9, 14.8, 10.6, 10.9, 10.5, 8.7, 12.8, 0.7, 9.8, 2.9, 7.9, 6.6, 12.5, 14.5, 6.5, 5.6, 3.6, 13.6, 1.9, 13.8, 11.8, 0.0, 14.9, 8.9, 0.9, 0.8, 4.8, 2.8, 12.7, 7.6, 3.9, 2.6, 5.9, 5.8, 11.7, 3.7, 5.7, 7.7, 13.7, 12.6, 1.8, 10.7, 4.7, 6.7, 15.7, 9.7, 11.9, 13.9, 10.8, 14.7, 17.7]
Cost improvement count: [1, 1, 1, 28, 24, 3, 25, 25, 34, 3, 2, 4, 1, 10, 1, 2, 7, 202, 14, 1, 1, 1, 1, 4, 1, 1, 51, 3, 18, 143, 1, 28, 11, 18, 51, 4, 3, 5, 17, 1, 70, 57, 4, 13, 8, 17, 3, 2, 16, 7, 5, 17, 1, 6, 10, 1, 9, 1, 1]

==================================
A matrices:
(T = 1)
15×15 Matrix{Float64}:
 -1.0          0.00384717  -0.37735    -0.00927141  -0.50678      -0.380733   -0.443863   -0.163905    0.0440487   0.240024    -0.0556806   0.0260197   -0.373684   -0.0867976   -0.40428
  0.0110855   -1.0          0.144977   -0.323775    -0.344908     -0.0289038  -0.408114   -0.715554   -0.417268   -0.0596408    0.0426183  -0.307971     0.0846048   0.421127    -0.0208765
 -0.617987    -0.384277    -1.0         0.240451    -0.234038     -0.0824548  -0.0147277  -0.717028   -0.161297    0.0899279   -0.132062   -0.355469     0.0834891  -0.195782    -0.294447
  0.495285     0.156299    -0.274364   -1.0         -0.205652     -0.230434    0.0229098   0.353202    0.13543     0.155678    -0.391107   -0.363552    -0.171966    0.118138    -0.397099
  0.217244    -0.0274573    0.0886452  -0.576962    -1.0           0.363283   -0.109481    0.16698     0.137457   -0.0242248   -0.968802    0.250719    -0.30404     0.0380378    0.121043
 -0.165812    -0.220507     0.0938849   0.153073     0.123413     -1.0         0.059763    0.227184    0.0541433  -0.303712    -0.663219   -0.219808     0.340084    0.0512375    0.137046
  0.232033    -0.300379    -0.231687   -0.337284     0.041918      0.113953   -1.0         0.060452   -0.101616   -0.00572479   0.362764   -0.16002      0.164207   -0.573234     0.0207344
  0.318033     0.196258     0.0225383  -0.129853    -0.485763     -0.534977   -0.228897   -1.0        -0.0862965   0.246375    -0.440905    0.0508343    0.525437    0.00923527  -0.0572057
 -0.540197    -0.476023    -0.237997    0.278086     0.000144467  -0.225186   -0.058805   -0.263394   -1.0        -0.0184631   -0.0481428   0.354218    -0.152501   -0.111456     0.0598447
 -0.0634564   -0.248003     0.232783    0.0767244   -0.214249     -0.655924   -0.425131   -0.107794   -0.339037   -1.0         -0.111822   -0.0723602    0.258806   -0.411921    -0.143773
 -0.1789      -0.23773      0.0764243  -0.187593     0.32725      -0.472014   -0.614154   -0.2772      0.20238     0.452248    -1.0         0.00774465   0.209964    0.0147579    0.592392
  0.0414556    0.188469    -0.29515    -0.247641    -0.107513     -0.234851   -0.0491309   0.151013   -0.0861839   0.105934    -0.519359   -1.0          0.021756   -0.534408     0.337902
 -0.0982524    0.366858    -0.60466     0.189136    -0.21907      -0.267758   -0.415817   -0.269783   -0.152236   -0.194729     0.09697    -0.498532    -1.0        -0.252027     0.0121737
 -0.218978     0.127456    -0.228994    0.158519    -0.142496     -0.207574   -0.203643   -0.27444     0.155081    0.0275615    0.33598    -0.0334611   -0.0868947  -1.0          0.458529
 -0.00868445   0.198307    -0.316455    0.139205     0.163156     -0.409199    0.191515   -0.0239975  -0.091887   -0.2746       0.0922112   0.140673    -0.0757798  -0.162334    -1.0

==================================
r vectors:
(T = 1)
15-element Vector{Float64}:
 2.2204831484490675
 2.2867973044783456
 2.609468965580656
 2.6521943008858138
 1.850882995046462
 2.3332305936266495
 2.0349846044930198
 2.3359987601745553
 2.628004346658178
 2.2196746132815313
 2.301681188134149
 1.92306314229527
 2.607579185286027
 2.4957847223537866
 2.3158483281086033
