==================================
Setup:
N: 15
T: 1
add: 1.0
del: 3.0
nat: 0.1
temp: 5.0
Source: Generated
A parameters: Normal{Float64}(μ=-0.07498799915476266, σ=0.28535680382806683)
r parameters: Normal{Float64}(μ=2.2267028066467236, σ=0.3198115664893998)
portion: 1.0
scaling: 1.0

==================================
Statistics:
Proportion of candidate states: 0.182891845703125
Candidate states: 5993
Total states: 32768
Total candidate pairs evaluated: 1000
Total natural transitions: 26765

Path length diff avg: -0.532
Path length diff val: [-3, -6, 1, 0, -5, -1, -2, 3, -7, 4, 2, -4]
Path length diff count: [68, 5, 139, 366, 11, 168, 123, 23, 1, 6, 51, 39]

Cost improvement avg: 5.6644000000000005
Cost improvement val: [1.7, 17.8, 9.6, 3.8, 8.8, 6.9, 7.8, 6.8, 8.5, 4.9, 14.8, 10.9, 4.5, 9.9, 8.7, 12.8, 0.7, 9.8, 2.9, 7.9, 6.6, 4.6, 3.6, 13.6, 1.9, 13.8, 11.8, 0.0, 14.9, 8.9, 16.9, 0.9, 0.8, 4.8, 2.8, 12.7, 7.6, 3.9, 16.7, 5.9, 20.8, 5.8, 15.8, 11.7, 3.7, 18.8, 5.7, 7.7, 13.7, 1.8, 10.7, 4.7, 6.7, 18.7, 15.7, 9.7, 11.9, 13.9, 16.8, 10.8, 14.7, 0.6]
Cost improvement count: [2, 3, 1, 32, 42, 20, 36, 34, 1, 31, 7, 6, 1, 6, 14, 9, 2, 24, 152, 16, 1, 2, 1, 1, 52, 7, 28, 104, 4, 27, 1, 14, 6, 35, 9, 1, 2, 33, 2, 78, 1, 41, 1, 5, 1, 1, 8, 9, 4, 10, 6, 7, 7, 1, 1, 7, 15, 4, 1, 20, 2, 1]

==================================
A matrices:
(T = 1)
15×15 Matrix{Float64}:
 -1.0        -0.00772136   -0.0322025  -0.130947   -0.10417     -0.0327332  -0.362249   -0.384502     -0.0701077   0.223105    -0.0701697   0.0301445  -0.27472    -0.319279     0.212411
  0.112213   -1.0           0.305857   -0.510443    0.0524934   -0.172145    0.168088   -0.987509      0.107102    0.326699    -0.101831    0.0337893   0.0892014  -0.217246     0.191245
  0.184338   -0.336045     -1.0         0.0335597   0.667316    -0.472605   -0.0409318  -0.111721     -0.213475    0.295164     0.392157   -0.349545    0.574064    0.344466    -0.487053
 -0.0383024  -0.214613     -0.488521   -1.0        -0.00422145   0.0742077   0.141013   -0.39678       0.487345    0.112404    -0.53888    -0.197069   -0.25205    -0.0412541   -0.391093
  0.196518    0.0675797    -0.18051    -0.148421   -1.0          0.398935    0.271847    0.307314     -0.07414     0.243604     0.440742    0.19399    -0.310434    0.117498     0.272092
 -0.320087    0.300401      0.24733    -0.590386    0.0206906   -1.0        -0.31164     0.134973      0.366884   -0.0730396   -0.14724     0.34461     0.0263528   0.114534    -0.011967
 -0.217078    0.0637607     0.575478   -0.593053    0.0594193   -0.209348   -1.0         0.0541663     0.571829   -0.417312     0.0856951  -0.0487975  -0.246119   -0.177131    -0.234739
 -0.200494   -0.162652     -0.372554   -0.172378   -0.485058    -0.693916   -0.0163065  -1.0           0.192178    0.139895    -0.723293   -0.0453565   0.204854   -0.130051     0.170583
  0.0450372  -0.0248356    -0.353928   -0.0137605  -0.109471     0.388124    0.239287    0.0544844    -1.0        -0.00202508  -0.690579    0.344785   -0.0332884   0.00221451   0.404646
  0.485625   -0.099969      0.0764347  -0.283342    0.139766    -0.130183    0.418461   -0.240276     -0.205207   -1.0         -0.0764099   0.704304   -0.518194   -0.454998    -0.222312
 -0.102599    0.000289928  -0.163081    0.444985    0.401954    -0.114204   -0.457492   -0.267467     -0.320221    0.035129    -1.0         0.152852   -0.472642    0.0930782   -0.872844
  0.0134348  -0.0594388    -0.389651   -0.514462   -0.494276    -0.354481    0.0197398   0.0573765    -0.114095   -0.19215      0.145002   -1.0         0.125797   -0.341308    -0.186759
 -0.40246    -0.299879     -0.41276    -0.715928   -0.248348    -0.758328   -0.211807    0.192925      0.140999   -0.246746    -0.132952   -0.139843   -1.0         0.217674    -0.300636
 -0.208669   -0.29401      -0.0688905  -0.542743    0.049762    -0.250258   -0.122692    0.0265179     0.372852   -0.227922    -0.0991863  -0.123824   -0.339724   -1.0         -0.679795
 -0.173571   -0.387933     -0.356232    0.010336   -0.224069     0.158761    0.21482     0.000893734   0.10054     0.280593     0.275532   -0.43577     0.213103   -0.132965    -1.0

==================================
r vectors:
(T = 1)
15-element Vector{Float64}:
 2.3968270190230268
 2.3824671250152347
 1.978178329587179
 2.031022529341443
 1.8646770063585139
 2.159346168964258
 2.0822604966757905
 2.102115208353439
 1.6639797919283912
 2.5429701497029447
 2.062745776404083
 2.2601786594261686
 1.9234318379588753
 1.7967102425439614
 2.3379153077838426
