==================================
Setup:
N: 15
T: 1
add: 1.0
del: 3.0
nat: 0.1
temp: 5.0
Source: Generated
A parameters: Normal{Float64}(μ=-0.07498799915476266, σ=0.28535680382806683)
r parameters: Normal{Float64}(μ=2.2267028066467236, σ=0.3198115664893998)
portion: 1.0
scaling: 1.0

==================================
Statistics:
Proportion of candidate states: 0.261322021484375
Candidate states: 8563
Total states: 32768
Total candidate pairs evaluated: 1000
Total natural transitions: 24168

Path length diff avg: -0.536
Path length diff val: [5, -3, -6, 1, 0, -5, -1, -2, 3, -7, 4, 2, -4]
Path length diff count: [1, 73, 1, 140, 352, 7, 202, 118, 18, 1, 3, 49, 35]

Cost improvement avg: 6.344600000000002
Cost improvement val: [1.7, 17.8, 9.6, 3.8, 8.8, 6.9, 7.8, 8.6, 6.8, 4.9, 14.8, 10.6, 10.9, 23.7, 9.9, 8.7, 12.8, 9.8, 2.9, 7.9, 6.6, 16.6, 14.6, 5.6, 12.9, 1.9, 17.6, 13.8, 11.8, 0.0, 8.9, 0.9, 0.8, 4.8, 2.8, 12.7, 7.6, 3.9, 16.7, 5.9, 5.8, 15.8, 11.7, 3.7, 5.7, 7.7, 13.7, 12.6, 1.8, 10.7, 4.7, 11.6, 6.7, 18.7, 21.8, 15.7, 9.7, 11.9, 22.8, 13.9, 16.8, 10.8, 14.7, 17.7]
Cost improvement count: [1, 3, 2, 20, 61, 24, 27, 2, 35, 31, 12, 1, 9, 1, 7, 15, 17, 28, 126, 16, 2, 1, 2, 1, 1, 42, 3, 11, 21, 95, 22, 12, 2, 35, 10, 10, 1, 31, 2, 64, 44, 6, 10, 4, 12, 14, 7, 2, 10, 7, 10, 3, 10, 1, 1, 2, 9, 7, 1, 4, 1, 24, 2, 3]

==================================
A matrices:
(T = 1)
15×15 Matrix{Float64}:
 -1.0         -0.0189548   -0.147405   -0.219807     -0.238336    0.239892    0.57552    -0.650695    -0.104652   -0.153875   -0.110113    0.414269  -0.245444   -0.228035   -0.175643
  0.0655575   -1.0          0.0067605  -0.0169472    -0.0890799  -0.575032   -0.0222238  -0.474436     0.168608    0.0994498  -0.382468    0.159091   0.0413258   0.375009    0.113178
 -0.00448765  -0.833016    -1.0        -0.215782     -0.338594   -0.496783   -0.187508   -0.348894    -0.0234604  -0.0955113  -0.306793   -0.205217  -0.189411    0.112173   -0.0229411
 -0.289885    -0.168532    -0.160419   -1.0          -0.132972   -0.317384   -0.509923   -0.0137531    0.234018   -0.456382   -0.120981   -0.602582  -0.231377    0.53456    -0.0389428
 -0.247552    -0.364504    -0.197406    0.218527     -1.0        -0.0456102  -0.0233139  -0.252014    -0.385474    0.239634   -0.213456   -0.244165  -0.39339    -0.0434278   0.524876
 -0.376792     0.487142     0.0651566  -0.0468291    -0.269226   -1.0        -0.487678   -0.00627959  -0.164888    0.167987    0.0760646   0.105303   0.27965    -0.397724    0.0958715
  0.116795    -0.487218    -0.286768    0.156722      0.0336771  -0.317835   -1.0        -0.102905     0.111805    0.49828    -0.206121   -0.18666   -0.477483    0.0256249   0.0700831
 -0.297412    -0.0861826   -0.0522087  -0.533917      0.042801   -0.155152   -0.0159465  -1.0         -0.0942573  -0.799424   -0.284366    0.167513   0.143496    0.452397   -0.121256
 -0.780779    -0.07127     -0.375076   -0.118202     -0.405144    0.242554    0.465739    0.574778    -1.0        -0.562921   -0.697969   -0.399825  -0.399875    0.0592634  -0.166068
 -0.61026     -0.0835652   -0.0689961   0.0616521    -0.519035   -0.128427    0.397798   -0.307293     0.166445   -1.0        -0.0138101  -0.173363   0.683349   -0.373096   -0.0504936
  0.126724    -0.00812647  -0.564572   -0.259909      0.214576   -0.577303   -0.702579    0.35044     -0.0571463  -0.0140866  -1.0         0.399287   0.205751   -0.0638161   0.413751
  0.367531    -0.14623     -0.301212   -0.159067     -0.427816   -0.308476    0.269256    0.251232    -0.486436    0.233556    0.604034   -1.0       -0.0955674  -0.531354    0.0641652
 -0.0941154    0.111088    -0.10799     0.213182      0.121947   -0.46889     0.0970671  -0.437037     0.190372   -0.187154   -0.1767      0.385521  -1.0        -0.107012    0.10299
 -0.426624    -0.0853481    0.370871   -0.000731307  -0.190982   -0.376017   -0.354295   -0.364795     0.123227    0.0414036   0.0451746  -0.187853  -0.481968   -1.0         0.235145
  0.326007     0.338382     0.360257   -0.268364     -0.194526   -0.688217   -0.264109   -0.243355    -0.567951    0.495176    0.0794674  -0.062393  -0.7071     -0.13772    -1.0

==================================
r vectors:
(T = 1)
15-element Vector{Float64}:
 2.193796691895379
 1.4778978889127359
 2.5709828137561113
 2.1442077228246377
 2.3320514234614764
 2.8128616592652786
 2.2159086518622693
 1.6659293752637487
 2.181686574520712
 1.7025727367232553
 2.5365576922576856
 2.4560156730111644
 2.293592726091707
 2.3768447526876324
 2.2602315526155605
