==================================
Setup:
N: 15
T: 1
add: 1.0
del: 3.0
nat: 0.1
temp: 5.0
Source: Generated
A parameters: Normal{Float64}(μ=-0.07498799915476266, σ=0.28535680382806683)
r parameters: Normal{Float64}(μ=2.2267028066467236, σ=0.3198115664893998)
portion: 1.0
scaling: 1.0

==================================
Statistics:
Proportion of candidate states: 0.292938232421875
Candidate states: 9599
Total states: 32768
Total candidate pairs evaluated: 1000
Total natural transitions: 23169

Path length diff avg: -0.322
Path length diff val: [-3, -6, 1, 0, -5, -1, -2, 3, 4, 2, -4]
Path length diff count: [48, 3, 155, 429, 3, 164, 119, 12, 2, 53, 12]

Cost improvement avg: 5.1899000000000015
Cost improvement val: [9.6, 11.4, 3.8, 8.8, 6.9, 7.8, 8.6, 6.8, 4.9, 14.8, 10.6, 10.9, 9.9, 8.7, 15.6, 12.8, 0.7, 9.8, 2.9, 7.9, 6.6, 19.8, 4.6, 14.6, 6.5, 5.6, 3.6, 13.6, 1.9, 13.8, 11.8, 2.7, 0.0, 14.9, 8.9, 0.9, 0.8, 4.8, 2.8, 12.7, 3.9, 16.7, 5.9, 5.8, 15.8, 11.7, 3.7, 5.7, 7.7, 13.7, 12.6, 5.5, 1.8, 10.7, 4.7, 11.6, 6.7, 9.7, 11.9, 1.6, 16.8, 10.8, 14.7, 17.7]
Cost improvement count: [3, 1, 28, 33, 10, 41, 7, 29, 52, 4, 2, 4, 1, 12, 1, 2, 2, 10, 157, 17, 2, 1, 1, 1, 2, 2, 1, 2, 58, 5, 15, 1, 104, 1, 23, 19, 8, 37, 7, 3, 19, 3, 85, 52, 2, 2, 13, 6, 8, 2, 1, 1, 16, 8, 10, 1, 22, 11, 5, 1, 2, 17, 3, 1]

==================================
A matrices:
(T = 1)
15×15 Matrix{Float64}:
 -1.0        -0.546053   -0.471795    0.0415768  -0.108652   -0.0530684  -0.532029   -0.549869    -0.182254     0.0476827   -0.131063    -0.180105    0.314948    0.0311969  -0.181174
 -0.259459   -1.0         0.0179983  -0.215171    0.314909   -0.0793793  -0.121197   -0.123997     0.418472    -0.0523333   -0.345368    -0.194627   -0.317933   -0.0198553  -0.0838585
  0.0990666   0.154173   -1.0        -0.120954   -0.142427    0.524795   -0.368721   -0.26025      0.195745    -0.207054    -0.299569    -0.237513   -0.0505987   0.373446   -0.0906821
 -0.0308818   0.296005   -0.198361   -1.0         0.314855    0.465614    0.163203   -0.265863     0.0737691   -0.334129    -0.318299    -0.582477    0.0818877  -0.652362   -0.0924565
 -0.454175    0.248553   -0.325343   -0.563929   -1.0         0.0700922  -0.184335   -0.633778    -0.0556501    0.0862677   -0.00475019   0.124798   -0.603054   -0.373618    0.172451
  0.156814    0.0176107  -0.372488    0.109181    0.166212   -1.0        -0.0325163  -0.507694     0.458442     0.684688    -0.0666438   -0.332202   -0.618071    0.113501   -0.260271
 -0.14789    -0.085462   -0.287923    0.0575162   0.0688788  -0.404998   -1.0         0.211136    -0.190924    -0.00763556   0.60797      0.276367    0.0732273   0.217645   -0.0376974
 -0.183588    0.231391    0.137878    0.207034   -0.367052    0.339403    0.302999   -1.0         -0.00198354  -0.275772     0.270169    -0.428475   -0.485376   -0.0960941  -0.338616
 -0.612674   -0.814813    0.180614    0.189823   -0.396034    0.191637    0.218624   -0.00123063  -1.0         -0.205206     0.341675     0.0695482   0.248198    0.267919   -0.353748
 -0.26296    -0.468307   -0.141449   -0.423139    0.0475233   0.0319981  -0.331124    0.144092     0.026188    -1.0         -0.157056     0.192024   -0.243959   -0.273108   -0.334788
 -0.16462    -0.0945757  -0.259008   -0.200611   -0.0214067   0.231462   -0.112006    0.333513     0.375929     0.273599    -1.0          0.565031   -0.686334   -0.0267889  -0.388878
  0.0449246  -0.231256   -0.0611049  -0.541108    0.0598139   0.0825178   0.408689   -0.430844    -0.0845718    0.268469    -0.365998    -1.0        -0.281651   -0.119682    0.57974
  0.0370459  -0.241313   -1.08559    -0.321442    0.583297   -0.178318   -0.38517     0.182733    -0.0793836   -0.211471     0.175514    -0.0920366  -1.0        -0.305905   -0.304147
 -0.343564    0.0306778  -0.223549    0.164075   -0.0320101  -0.0468801   0.246174   -0.319374    -0.293244    -0.499495    -0.189441    -0.0101946  -0.0661129  -1.0        -0.36203
 -0.367914    0.0167747  -0.133618   -0.434499    0.0918442  -0.223959   -0.504779   -0.237747     0.164468    -0.303332     0.0626776   -0.11971    -0.0799366  -0.068234   -1.0

==================================
r vectors:
(T = 1)
15-element Vector{Float64}:
 2.43899290130003
 1.9976979045634822
 2.2240106778261253
 2.540466533737404
 2.496414211504483
 2.264590564025447
 2.451927772998135
 2.36967785062308
 2.343334588467812
 2.456002952208506
 1.850907848893844
 2.1108605690805513
 2.4153051814455204
 1.9599085843325112
 2.3692973322876436
