==================================
Setup:
N: 15
T: 1
add: 1.0
del: 3.0
nat: 0.1
temp: 5.0
Source: Generated
A parameters: Normal{Float64}(μ=-0.07498799915476266, σ=0.28535680382806683)
r parameters: Normal{Float64}(μ=2.2267028066467236, σ=0.3198115664893998)
portion: 1.0
scaling: 1.0

==================================
Statistics:
Proportion of candidate states: 0.29180908203125
Candidate states: 9562
Total states: 32768
Total candidate pairs evaluated: 1000
Total natural transitions: 23206

Path length diff avg: -0.127
Path length diff val: [0, 4, -5, -1, 2, -3, -2, 3, 1]
Path length diff count: [514, 1, 2, 143, 48, 37, 76, 5, 174]

Cost improvement avg: 4.274099999999999
Cost improvement val: [1.7, 9.6, 3.8, 8.8, 6.9, 7.8, 6.8, 4.9, 14.8, 10.6, 10.9, 8.7, 12.8, 9.8, 2.9, 7.9, 6.6, 9.5, 1.9, 13.8, 11.8, 0.0, 14.9, 8.9, 0.9, 0.8, 4.8, 2.8, 7.5, 12.7, 7.6, 3.9, 16.7, 5.9, 5.8, 11.7, 3.7, 5.7, 7.7, 13.7, 1.8, 10.7, 4.7, 11.6, 6.7, 15.7, 9.7, 11.9, 10.8, 14.7]
Cost improvement count: [1, 1, 21, 26, 4, 36, 19, 33, 2, 2, 2, 4, 2, 4, 232, 11, 1, 1, 54, 1, 11, 154, 1, 31, 20, 15, 40, 2, 1, 1, 1, 14, 1, 126, 49, 2, 13, 4, 5, 2, 15, 2, 6, 2, 5, 1, 9, 3, 5, 2]

==================================
A matrices:
(T = 1)
15×15 Matrix{Float64}:
 -1.0         0.191884    0.223849   -0.12833     0.0310149  -0.242371    0.157417    -0.499108   -0.365122   -0.0744996  -0.445705   -0.175248    0.0313503    0.0136917  -0.180874
 -0.226392   -1.0        -0.270809   -0.0305363   0.0581324  -0.149735   -0.0724883   -0.161756   -0.137876   -0.0971498   0.0467159   0.0247693   0.0518833   -0.222635    0.112012
  0.242421   -0.392337   -1.0         0.568294   -0.0499306  -0.500059   -0.21787     -0.0473243  -0.221072    0.0484292  -0.15297     0.121503   -0.209694     0.0295879   0.284281
 -0.569439   -0.480174   -0.075028   -1.0        -0.0285985   0.339568   -0.278476    -0.267463   -0.0764978   0.0764505   0.249425    0.0835273   0.114064     0.122113   -0.361743
 -0.251897   -0.0735923  -0.443385    0.227989   -1.0        -0.180789   -0.142612    -0.380838   -0.62916    -0.219674    0.108157    0.0121287   0.177393     0.156742   -0.283736
 -0.15188     0.058884   -0.364475   -0.162146    0.625605   -1.0         0.356616    -0.113514   -0.309394    0.0448239  -0.0196674   0.02997     0.00725075  -0.458318   -0.285931
  0.431055    0.0157229  -0.465232   -0.0233261  -0.346645   -0.298178   -1.0         -0.256295   -0.103847   -0.355355    0.265816    0.0347274   0.349726     0.347556    0.0739192
 -0.131109    0.0129935  -0.343421    0.248737    0.317509   -0.21623     0.401535    -1.0        -0.0828295   0.438787   -0.512121    0.205805    0.274383    -0.163372   -0.0445838
  0.264014   -0.238455   -0.486319   -0.563693    0.0469433   0.200034    0.0731749   -0.0310289  -1.0        -0.401708   -0.207846   -0.100586    0.105867     0.0569479   0.258319
  0.151051    0.152769   -0.413527    0.0129849  -0.542618   -0.0686067  -0.446405     0.160067   -0.311463   -1.0        -0.512      -0.079087    0.285336     0.147638    0.254919
  0.287608   -0.0191925  -0.014162   -0.628046   -0.221352    0.323376   -0.00926783  -0.124366    0.11977    -0.354435   -1.0        -0.760727   -0.0970112    0.146493   -0.0476174
 -0.0733539   0.407705   -0.247802   -0.159254    0.102166    0.112911    0.485023     0.10997    -0.381469   -0.239117    0.216926   -1.0        -0.433791    -0.273179    0.13346
 -0.184205    0.428127   -0.383329   -0.465774   -0.113399    0.31433    -0.142743    -0.0290162  -0.02949    -0.447039   -0.100886   -0.423005   -1.0         -0.467185   -0.254769
 -0.0346106  -0.0545077  -0.0344318  -0.601737   -0.382825   -0.211636   -0.511889    -0.0440814  -0.0714991  -0.166921   -0.135691   -0.607474    0.336703    -1.0        -0.139801
  0.0602865   0.482073   -0.0883314  -0.121549    0.0479709   0.0657972  -0.315294    -0.0898267   0.0104296  -0.0127672   0.188617   -0.0120564   0.264809     0.3632     -1.0

==================================
r vectors:
(T = 1)
15-element Vector{Float64}:
 1.612753377451308
 2.003168154322359
 2.2357927515738014
 2.5230734169406706
 2.6989484518318796
 2.509136006009404
 2.1917331691039705
 2.699578852670346
 2.2331417214172133
 2.1382960150165213
 2.5844585824501216
 2.4712750292847563
 1.9874820559661064
 1.9834991506233979
 2.392119059033752
