==================================
Setup:
N: 15
T: 1
add: 1.0
del: 3.0
nat: 0.1
temp: 5.0
Source: Generated
A parameters: Normal{Float64}(μ=-0.07498799915476266, σ=0.28535680382806683)
r parameters: Normal{Float64}(μ=2.2267028066467236, σ=0.3198115664893998)
portion: 1.0
scaling: 1.0

==================================
Statistics:
Proportion of candidate states: 0.182769775390625
Candidate states: 5989
Total states: 32768
Total candidate pairs evaluated: 1000
Total natural transitions: 26778

Path length diff avg: -0.545
Path length diff val: [-3, -6, 1, 0, -5, -1, -2, 3, 4, 2, -4]
Path length diff count: [67, 2, 146, 349, 10, 195, 143, 11, 2, 52, 23]

Cost improvement avg: 5.927700000000001
Cost improvement val: [1.7, 9.6, 3.8, 8.8, 6.9, 7.8, 8.6, 6.8, 4.9, 14.8, 10.6, 10.9, 9.9, 8.7, 12.8, 9.8, 2.9, 7.9, 16.6, 1.9, 13.8, 11.8, 0.0, 14.9, 8.9, 0.9, 0.8, 4.8, 2.8, 12.7, 7.6, 3.9, 5.9, 5.8, 15.8, 11.7, 3.7, 18.8, 5.7, 7.7, 13.7, 1.8, 10.7, 4.7, 6.7, 15.7, 9.7, 11.9, 13.9, 16.8, 10.8, 14.7, 17.7]
Cost improvement count: [2, 2, 31, 50, 20, 35, 1, 39, 53, 7, 2, 10, 11, 12, 13, 34, 101, 25, 2, 41, 7, 20, 98, 2, 24, 26, 10, 42, 13, 7, 1, 33, 55, 49, 6, 5, 4, 1, 4, 10, 5, 10, 8, 7, 7, 3, 13, 4, 1, 4, 28, 1, 1]

==================================
A matrices:
(T = 1)
15×15 Matrix{Float64}:
 -1.0          -0.429571    0.0838752   0.307074   -0.233836   -0.117927   -0.595228    0.329692   -0.151219    0.149208    -0.180805   -0.0890628  -0.126692   -0.0605314   0.0129537
 -0.809874     -1.0        -0.0595731  -0.0296957  -0.202642    0.0104887  -0.317196    0.0282959  -0.223411   -0.0992778   -0.103825    0.272768    0.288496    0.339406    0.0413705
  0.446076     -0.219519   -1.0         0.135011   -0.267513   -0.406922   -0.253521   -0.0200533  -0.16971    -0.348912     0.29951    -0.556012   -0.320158   -0.188822   -0.235002
 -0.536789     -0.647321    0.124527   -1.0        -0.263645   -0.0738428   0.442325   -0.768609   -0.358598   -0.171708    -0.0860655  -0.233684   -0.16488    -0.456553    0.0938976
 -0.152631     -0.206821   -0.498495    0.126785   -1.0        -0.384423   -0.78108    -0.391592    0.0207649  -0.0814846   -0.0518881  -0.0841176  -0.0528901   0.365919   -0.61613
 -0.181292     -0.123358    0.0571042  -0.0216937  -0.0222054  -1.0         0.163549   -0.377724   -0.178667   -0.339998     0.205293    0.118998    0.15838    -0.727686    0.334205
 -0.245941      0.095803   -0.258488    0.202211   -0.602697   -0.465199   -1.0        -0.349163    0.123421    0.00670834   0.195503   -0.225858    0.563986    0.215038    0.248627
 -0.366157      0.126728    0.0323285  -0.607688    0.333386    0.247613    0.329607   -1.0         0.0720853  -0.174041     0.0145431   0.010269   -0.261571   -0.577046    0.228273
  0.128554      0.0180284  -0.681451   -0.111412   -0.431905   -0.26867    -0.328417   -0.0900848  -1.0         0.0823592   -0.380469   -0.575445    0.182322    0.113438   -0.236847
  0.0279292    -0.0763412  -0.228528    0.0240736   0.431828    0.026725   -0.0374506  -0.392578   -0.0618656  -1.0          0.0534522  -0.236855   -0.0960389  -0.236947   -0.0870519
 -0.0319779    -1.10098    -0.0927914   0.345557    0.100032   -0.204224   -0.181622    0.0484704   0.330467   -0.274354    -1.0        -0.460629   -0.21457     0.214995   -0.0427981
 -0.179248      0.321791   -0.194998    0.152425    0.176239   -0.0759889  -0.661217    0.061907   -0.810313   -0.0698537   -0.0494472  -1.0        -0.0483706   0.388724    0.0114267
 -0.000850406  -0.200408   -0.419601   -0.243932   -0.110735    0.230092   -0.121213    0.0405333  -0.293421   -0.409786     0.216117   -0.126099   -1.0        -0.43498     0.154597
 -0.0428089     0.325567    0.420149   -0.562131   -0.326637   -0.199062    0.164255   -0.222271    0.226068   -0.11903     -0.179791    0.304449   -0.486834   -1.0         0.0566887
  0.0923186     0.169544   -0.24673     0.274992    0.212934   -0.0314553  -0.164323   -0.055147   -0.376641   -0.33943      0.279712   -0.435302    0.111938    0.0341364  -1.0

==================================
r vectors:
(T = 1)
15-element Vector{Float64}:
 2.876653048262362
 2.834727565137051
 1.9651341080267841
 2.5152945677445437
 2.0551525018748156
 2.1297526919145597
 2.2979670126998473
 2.6951110772580575
 1.670950473441689
 2.232207534012471
 1.7687293517564004
 2.5999186813503616
 2.8122124033542644
 2.620581459584171
 2.6368519854624495
