==================================
Setup:
N: 15
T: 1
add: 1.0
del: 3.0
nat: 0.1
temp: 5.0
Source: Generated
A parameters: Normal{Float64}(μ=-0.07498799915476266, σ=0.28535680382806683)
r parameters: Normal{Float64}(μ=2.2267028066467236, σ=0.3198115664893998)
portion: 1.0
scaling: 1.0

==================================
Statistics:
Proportion of candidate states: 0.282135009765625
Candidate states: 9245
Total states: 32768
Total candidate pairs evaluated: 1000
Total natural transitions: 23523

Path length diff avg: -0.394
Path length diff val: [-3, -6, 1, 0, -5, -1, -2, 3, -7, 2, -4]
Path length diff count: [61, 6, 149, 488, 5, 143, 92, 9, 1, 32, 14]

Cost improvement avg: 4.472900000000001
Cost improvement val: [9.6, 3.8, 8.8, 6.9, 7.8, 8.6, 6.8, 4.9, 14.8, 10.6, 10.9, 10.5, 9.9, 8.7, 13.5, 12.8, 0.7, 9.8, 2.9, 7.9, 16.6, 12.5, 4.6, 5.6, 3.6, 13.6, 1.9, 13.8, 11.8, 2.7, 0.0, 8.9, 0.9, 0.8, 4.8, 2.8, 12.7, 7.6, 3.9, 5.9, 5.8, 15.8, 11.7, 3.7, 5.7, 7.7, 13.7, 12.6, 5.5, 1.8, 10.7, 4.7, 6.7, 18.7, 9.7, 11.9, 10.8]
Cost improvement count: [1, 28, 43, 2, 34, 3, 25, 33, 2, 1, 2, 1, 1, 8, 1, 3, 2, 16, 204, 8, 1, 1, 1, 2, 3, 1, 45, 1, 6, 2, 165, 21, 19, 11, 36, 11, 3, 1, 13, 87, 42, 1, 4, 13, 9, 19, 2, 1, 1, 14, 3, 4, 11, 1, 10, 7, 10]

==================================
A matrices:
(T = 1)
15×15 Matrix{Float64}:
 -1.0        -0.0289292   -0.231625    0.155634    -0.233511     -0.55726    -0.762555    0.445905   -0.534494   -0.336739   -0.201508   -0.263427   -0.3979     -0.00203168  -0.457792
 -0.233201   -1.0         -0.445814   -0.164117     0.0601969    -0.0385353   0.342473   -0.15814     0.145733   -0.220473   -0.149328    0.33908    -0.663269   -0.0150888    0.377512
  0.0795963  -0.599259    -1.0        -0.00335677   0.382698      0.292269   -0.469801   -0.055915   -0.270227    0.106723    0.047637   -0.320236    0.249063   -0.278827    -0.316543
 -0.490154    0.234707     0.408      -1.0         -0.000322486   0.0309547   0.0424413   0.372259   -0.0634955   0.351293    0.234688   -0.152207   -0.446185   -0.275468     0.152693
  0.364761    0.178307    -0.227576    0.1201      -1.0          -0.216806    0.137167   -0.540126    0.129119    0.760293   -0.170971   -0.0772184  -0.160425    0.103098    -0.302817
 -0.294709    0.270284    -0.427931   -0.295608    -0.281673     -1.0         0.077717    0.257478   -0.0785529   0.136499   -0.279699    0.0753213   0.249532   -0.369116    -0.640564
  0.12662     0.0417312    0.0890069  -0.00951577  -0.386315     -0.252883   -1.0         0.266818   -0.592236   -0.112259   -0.139702    0.141473   -0.127842   -0.0859815    0.405524
 -0.278181   -0.331018    -0.145536   -0.653913    -0.516947     -0.176238   -0.1719     -1.0        -0.045708   -0.471673   -0.0276152   0.14872     0.165365    0.324274    -0.165847
 -0.162663    0.132455     0.118001   -0.0260818    0.243346     -0.057935    0.355856    0.0503178  -1.0         0.110955   -0.526559    0.144469   -0.126949   -0.277213    -0.0191387
  0.0385836   0.00193708  -0.092276   -0.452217    -0.439648     -0.429443    0.123488   -0.192991   -0.333095   -1.0         0.309431    0.147435   -0.0743326  -0.713137    -0.107499
 -0.339133   -0.110059     0.272657   -0.459368    -0.165375      0.563098   -0.459393   -0.127078   -0.0803713   0.119938   -1.0         0.409405    0.468468   -0.0826232   -0.150942
 -0.203242   -0.146415    -0.0052235  -0.339297    -0.140587     -0.116817   -0.175247    0.170314   -0.194836   -0.0412314   0.0268926  -1.0         0.147318   -0.0670716   -0.0110002
 -0.359103    0.299058     0.199326    0.0138656   -0.313579      0.091048   -0.163743    0.359787   -0.0513618  -0.371762   -0.0850057   0.0165345  -1.0        -0.418155     0.46
 -0.414354   -0.314533    -0.0349163  -0.320488    -0.528987      0.292288   -0.17475     0.0113983  -0.122953   -0.106225    0.215265   -0.365077   -0.0638842  -1.0          0.170475
 -0.144895   -0.259216     0.109578   -0.422676    -0.289772     -0.505219    0.0233863  -0.245648   -0.472746   -0.397524    0.161637   -0.107126   -0.350745   -0.58783     -1.0

==================================
r vectors:
(T = 1)
15-element Vector{Float64}:
 2.2868017917733154
 2.6948422729751926
 1.9242021410768853
 2.2989663340368045
 2.622975407777055
 2.5585952886076235
 2.313070436967199
 2.2172248946443918
 1.8749038771631037
 2.0334451293405307
 2.1433194931350497
 2.0784743774205148
 2.2791408931894623
 2.3657293357645024
 2.392773379003568
