==================================
Setup:
N: 15
T: 1
add: 1.0
del: 3.0
nat: 0.1
temp: 5.0
Source: Generated
A parameters: Normal{Float64}(μ=-0.07498799915476266, σ=0.28535680382806683)
r parameters: Normal{Float64}(μ=2.2267028066467236, σ=0.3198115664893998)
portion: 1.0
scaling: 1.0

==================================
Statistics:
Proportion of candidate states: 0.264190673828125
Candidate states: 8657
Total states: 32768
Total candidate pairs evaluated: 1000
Total natural transitions: 24081

Path length diff avg: -0.537
Path length diff val: [-3, -6, 1, 0, -5, -1, -2, 3, 4, 2, -4]
Path length diff count: [65, 1, 149, 356, 9, 190, 133, 14, 3, 47, 33]

Cost improvement avg: 5.8023
Cost improvement val: [17.8, 3.8, 8.8, 6.9, 7.8, 6.8, 4.9, 14.8, 10.9, 9.9, 8.7, 12.8, 0.7, 9.8, 2.9, 7.9, 6.6, 5.6, 12.9, 1.9, 13.8, 11.8, 2.7, 0.0, 14.9, 8.9, 16.9, 0.9, 0.8, 4.8, 2.8, 12.7, 7.6, 3.9, 16.7, 5.9, 20.8, 5.8, 15.8, 11.7, 3.7, 5.7, 7.7, 13.7, 1.8, 10.7, 4.7, 11.6, 6.7, 15.7, 9.7, 11.9, 13.9, 16.8, 10.8, 14.7]
Cost improvement count: [2, 37, 47, 12, 40, 38, 47, 3, 6, 5, 9, 10, 1, 29, 135, 18, 2, 1, 1, 45, 13, 23, 2, 88, 2, 16, 1, 23, 10, 41, 10, 6, 1, 37, 2, 77, 1, 48, 5, 10, 2, 7, 12, 4, 7, 8, 2, 1, 3, 3, 7, 7, 5, 1, 25, 2]

==================================
A matrices:
(T = 1)
15×15 Matrix{Float64}:
 -1.0         -0.0951405  -0.0938761  -0.370404    -0.473867    -0.172896     0.397991    -0.361712    0.424425    0.638871    0.0234608    0.150163    0.197541   0.222304   -0.342811
 -0.00250458  -1.0        -0.333093    0.451606    -0.141998     0.138514    -0.00690257  -0.201182   -0.234975    0.220847    0.159321     0.362388   -0.561221   0.242302    0.227967
 -0.209187     0.256099   -1.0        -0.296495     0.00226374   0.0147696   -0.169511     0.260706   -0.285509   -0.440329   -0.251577     0.290548   -0.365012   0.109098   -0.529364
 -0.00436356  -0.0576667   0.6082     -1.0         -0.50021      0.281374    -0.0533588    0.129737   -0.577574    0.51094     0.542664    -0.164541   -0.11845   -0.11709    -0.479308
  0.173797     0.285738   -0.223308   -0.120963    -1.0         -0.110815     0.143463     0.0520976   0.115385   -0.564848   -0.185446    -0.17254    -0.140174   0.187641    0.00262307
 -0.308455     0.27273    -0.286872   -0.504131     0.216893    -1.0         -0.622274     0.15895     0.0756527   0.0615981  -0.395931     0.0128376  -0.375     -0.0773629  -0.606342
  0.0973333   -0.427665    0.100866   -0.219554     0.0801377    0.115311    -1.0          0.0578079   0.402221    0.147958   -0.1613       0.294273   -0.714728  -0.0183098  -0.226213
  0.25604      0.0877482  -0.0509679  -0.0771661   -0.0395738   -0.00590794  -0.644356    -1.0         0.0241512  -0.204612   -0.013949    -0.351413   -0.145808  -0.268053    0.174137
 -0.448588    -0.214285   -0.246672   -0.387119     0.358897    -0.116239    -0.127493    -0.524586   -1.0        -0.248596   -0.379617    -0.555436    0.258796  -0.504726   -0.509141
  0.0645005   -0.124521   -0.0662108   0.219712     0.18608      0.206642     0.169072    -0.908504    0.192136   -1.0        -0.488388    -0.107898    0.290545  -0.10093     0.0551466
 -0.0815823   -0.0761475   0.0678561  -0.0806579   -0.306108    -0.53676     -0.461492     0.045952   -0.170143    0.167415   -1.0          0.0651653  -0.449967  -0.0305888  -0.358663
  0.261638     0.0593142  -0.130897   -0.0956423   -0.452899    -0.184236    -0.0830137    0.119118   -0.234033   -0.0023788  -0.00993203  -1.0         0.114945  -0.315566   -0.0701387
  0.461626    -0.393219   -0.533324    0.415767    -0.0130444   -0.390835     0.00155791  -0.773922   -0.151844    0.393182    0.0627986   -0.0301729  -1.0       -0.0209825   0.0695546
  0.0545011    0.104974    0.193728   -0.177097     0.135836     0.298167     0.20259      0.112146   -0.440065    0.252794   -0.00171614  -0.162504    0.329785  -1.0         0.450997
 -0.231288     0.200003    0.0626376   0.00889588  -0.126598     0.245851    -0.0663798   -0.294861   -0.0572735  -0.357375   -0.304156     0.0129368  -0.150448   0.158855   -1.0

==================================
r vectors:
(T = 1)
15-element Vector{Float64}:
 2.375676650035949
 2.287983584059913
 2.139238264593174
 2.0530785437711976
 2.2483387150969816
 2.299539485500014
 2.7287083080876346
 1.7024062005024803
 2.9053536814985055
 2.308321098364567
 2.1919110665716426
 2.1894493654489042
 2.358058496126589
 2.634169385725265
 2.148652999464235
