==================================
Setup:
N: 15
T: 1
add: 1.0
del: 3.0
nat: 0.1
temp: 5.0
Source: Generated
A parameters: Normal{Float64}(μ=-0.07498799915476266, σ=0.28535680382806683)
r parameters: Normal{Float64}(μ=2.2267028066467236, σ=0.3198115664893998)
portion: 1.0
scaling: 1.0

==================================
Statistics:
Proportion of candidate states: 0.28668212890625
Candidate states: 9394
Total states: 32768
Total candidate pairs evaluated: 1000
Total natural transitions: 23374

Path length diff avg: -0.468
Path length diff val: [-3, -6, 1, 0, -5, -1, -2, 3, 4, 2, -4]
Path length diff count: [47, 5, 124, 464, 7, 182, 116, 4, 2, 34, 15]

Cost improvement avg: 4.5539
Cost improvement val: [17.8, 9.6, 3.8, 8.8, 6.9, 7.8, 6.8, 8.5, 4.9, 14.8, 10.6, 4.5, 8.7, 15.6, 12.8, 0.7, 9.8, 2.9, 7.9, 6.6, 12.5, 4.6, 14.5, 5.6, 3.6, 1.9, 13.8, 11.8, 2.7, 0.0, 8.9, 0.9, 0.8, 4.8, 2.8, 12.7, 7.6, 3.9, 16.7, 5.9, 5.8, 11.7, 3.7, 5.7, 7.7, 13.7, 1.8, 10.7, 4.7, 11.6, 6.7, 15.7, 9.7, 11.9, 1.6, 16.8, 10.8, 14.7]
Cost improvement count: [2, 2, 37, 28, 8, 32, 35, 1, 23, 2, 2, 1, 8, 1, 5, 4, 12, 176, 14, 2, 1, 2, 1, 2, 1, 57, 5, 11, 3, 163, 18, 15, 20, 46, 3, 4, 2, 16, 1, 67, 51, 5, 10, 6, 17, 8, 18, 9, 9, 3, 10, 1, 8, 1, 1, 1, 8, 1]

==================================
A matrices:
(T = 1)
15×15 Matrix{Float64}:
 -1.0        -0.401123      0.555132    -0.203657   -0.373465    0.0404421  -0.39348    0.427381     0.281676    0.0378479   0.24873    -0.358411   0.129308   -0.143521    0.0910138
  0.521647   -1.0          -0.229961    -0.290271   -0.361172    0.0213699  -0.285756   0.0420722   -0.317492   -0.0854976  -0.215576   -0.172904   0.346096   -0.189597    0.136146
  0.592687   -0.486918     -1.0         -0.237377    0.41353    -0.571474   -0.105911  -0.397648     0.101113    0.161624    0.0519248   0.252817  -0.174262   -0.0231788  -0.333443
 -0.236853    0.126595     -0.345649    -1.0        -0.393402   -0.682009   -0.253324  -0.0485836   -0.283434   -0.12053    -0.280601    0.27329   -0.328138   -0.397913   -0.157129
 -0.432849   -0.0399062    -0.47641     -0.651372   -1.0        -0.0398455  -0.1378     0.490539    -0.208045   -0.35429    -0.157388   -0.256823  -0.124398    0.0972909   0.435985
 -0.264764   -0.0894366    -0.355728     0.344717   -0.144274   -1.0         0.26341   -0.229113     0.0946765   0.308679   -0.0470821  -0.220055  -0.0202408  -0.0723629  -0.620625
  0.0511124  -0.0207364     0.00695255  -0.174491    0.205126    0.0790734  -1.0        0.467718    -0.0705591  -0.276098   -0.283462    0.168469   0.178621   -0.363876    0.0912639
 -0.0868182  -0.570149     -0.287229    -0.262528   -0.174672    0.328311   -0.559339  -1.0         -0.247422   -0.0906859   0.0933897  -0.185073  -0.230579   -0.104341    0.400641
  0.107277    0.0218134    -0.593964     0.0453946   0.112285   -0.0409524  -0.329708  -0.14579     -1.0         0.110709   -0.110101   -0.590097  -0.423574   -0.221335    0.0455406
  0.14624    -0.292291      0.481225     0.236226   -0.151491   -0.307994    0.407754  -0.0519301   -0.431465   -1.0        -0.230124   -0.253967  -0.11527     0.159707   -0.409646
  0.0202893   0.132758     -0.373614    -0.0681566  -0.282122   -0.223649   -0.455367  -0.0459834   -0.103906   -0.289283   -1.0         0.426404  -0.437262    0.117856   -0.314692
 -0.329435    0.216552     -0.0410593    0.190317    0.0103996   0.182565   -0.369481  -0.0910162    0.160793   -0.189651   -0.587024   -1.0        0.0218795  -0.108837    0.0674049
  0.225003   -0.415983      0.080595    -0.010039   -0.207449    0.324917   -0.381367  -0.185512     0.0683099  -0.0483773  -0.164513   -0.185315  -1.0        -0.0949667  -0.279966
 -0.323498    0.000604538   0.0191828    0.39069    -0.797197   -0.410836    0.531485   0.00292204  -0.253914    0.400451   -0.126082   -0.257348   0.565624   -1.0        -0.397646
  0.0619974   0.351457      0.162361     0.205207    0.207701    0.307283    0.142245  -0.269539     0.0661076   0.196532   -0.566609    0.724989  -0.124842    0.455977   -1.0

==================================
r vectors:
(T = 1)
15-element Vector{Float64}:
 2.574942874014908
 2.098864545516656
 1.9683959026698141
 2.222290314051065
 1.9087352017086223
 2.0169568533951554
 1.912775769033167
 2.3045346664317257
 2.120717321469716
 2.0016559760498893
 2.181291565304124
 2.900294537141757
 2.145639848109747
 2.3048066842339665
 2.2840593047416258
