==================================
Setup:
N: 15
T: 1
add: 1.0
del: 3.0
nat: 0.1
temp: 5.0
Source: Generated
A parameters: Normal{Float64}(μ=-0.07498799915476266, σ=0.28535680382806683)
r parameters: Normal{Float64}(μ=2.2267028066467236, σ=0.3198115664893998)
portion: 1.0
scaling: 1.0

==================================
Statistics:
Proportion of candidate states: 0.313446044921875
Candidate states: 10271
Total states: 32768
Total candidate pairs evaluated: 1000
Total natural transitions: 22497

Path length diff avg: -0.217
Path length diff val: [-3, -6, 1, 0, -1, -2, 3, -7, -9, 4, 2, -4]
Path length diff count: [34, 1, 172, 519, 142, 81, 3, 3, 1, 2, 34, 8]

Cost improvement avg: 4.2748
Cost improvement val: [17.7, 9.6, 3.8, 8.8, 6.9, 7.8, 8.6, 6.8, 4.9, 14.8, 10.6, 8.7, 0.7, 9.8, 2.9, 7.9, 6.6, 9.5, 6.5, 5.6, 3.6, 13.6, 1.9, 11.8, 2.7, 0.0, 14.9, 8.9, 0.9, 0.8, 4.8, 2.8, 12.7, 7.6, 3.5, 3.9, 3.3, 5.9, 5.8, 11.7, 3.7, 5.7, 7.7, 12.6, 1.8, 10.7, 4.7, 11.6, 6.7, 1.5, 9.7, 11.9, 1.6, 10.8, 14.7, 0.6]
Cost improvement count: [1, 5, 24, 45, 1, 24, 1, 20, 22, 1, 1, 10, 2, 2, 210, 6, 3, 1, 1, 1, 2, 2, 49, 15, 2, 188, 2, 18, 6, 17, 48, 2, 1, 2, 1, 4, 1, 108, 56, 7, 9, 1, 8, 2, 12, 7, 7, 1, 20, 1, 8, 1, 1, 8, 1, 1]

==================================
A matrices:
(T = 1)
15×15 Matrix{Float64}:
 -1.0         0.141845    0.0789409  -0.114197   -0.0114622   0.0463774   -0.726254     0.139762   -0.037241      0.136273   -0.324585   -0.527877   -0.197731   -0.23065     0.138198
  0.128013   -1.0        -0.0391757  -0.0733101   0.10081    -0.583834    -0.262395     0.236576   -0.0959237    -0.123585   -0.130125   -0.143923   -0.241935   -0.49881    -0.0552932
  0.388747   -0.0763506  -1.0         0.329228    0.578447   -0.206164    -0.492016     0.0550586   0.0155911     0.0737043   0.466314   -0.469865   -0.674014   -0.0999473   0.153342
 -0.144306   -0.565052    0.318599   -1.0         0.195412   -0.198269     0.105945    -0.0853874  -0.146335      0.0935427   0.0894158  -0.165265   -0.220486    0.337892   -0.256072
 -0.348211    0.635539   -0.127981    0.266693   -1.0         0.255025    -0.17124     -0.0520669   0.0847381     0.209433   -0.0608779  -0.249578   -0.107144   -0.1367     -0.210594
 -0.287263   -0.317788    0.145715   -0.214895   -0.0673898  -1.0          0.00264437  -0.507138    0.0683383     0.0723425  -0.063683    0.105234   -0.190932    0.0408745  -0.192429
 -0.0849508   0.110241   -0.320478    0.109814   -0.202939   -0.318148    -1.0         -0.173521    0.179902     -0.30483    -0.222781   -0.155419   -0.303772   -0.527978   -0.483735
 -0.208671   -0.640622   -0.437358   -0.0104255   0.24247    -0.0782716   -0.0585923   -1.0        -0.43619       0.0911082   0.154277   -0.114326    0.0070268   0.104348   -0.0953274
 -0.334309   -0.164472   -0.301315    0.473699   -0.657588    0.00907787   0.0764004    0.183698   -1.0          -0.0327989  -0.0481154   0.0138611  -0.159422    0.333543   -0.0223549
  0.158132   -0.348398   -0.0443459  -0.352608   -0.313151    0.276713    -0.450056    -0.18605     0.105772     -1.0        -0.574327    0.217551   -0.294558   -0.716816    0.610796
  0.492724   -0.0128569  -0.655491    0.291657   -0.319836   -0.169312     0.234843     0.256506    0.000656532  -0.155319   -1.0         0.183071   -0.124575    0.0137242  -0.244431
 -0.0203185  -0.484435    0.0345387  -0.0315781   0.0970538  -0.355753    -0.344762    -0.563959    0.0247284    -0.240002   -0.0318184  -1.0         0.023614   -0.380492    0.0222853
 -0.0266114   0.362742   -0.295509   -0.147948    0.40483    -0.107341     0.129769     0.200532    0.144715      0.182281    0.0285401   0.431199   -1.0         0.0112336  -0.356877
  0.0445237   0.282064   -0.06702    -0.0633155  -0.284569    0.00860406   0.0698646    0.0709448  -0.492727     -0.0568141   0.107677   -0.118898    0.112815   -1.0        -0.241693
 -0.342895   -0.149091   -0.318701   -0.454929   -0.114454   -0.1002       0.0958808   -0.270702    0.445694     -0.772465    0.69799    -0.0549134  -0.263403   -0.311885   -1.0

==================================
r vectors:
(T = 1)
15-element Vector{Float64}:
 1.5661228033335357
 2.74767924316051
 2.385770004857656
 1.8866171448357674
 2.5307768524735095
 2.2523953003866506
 2.5610444860843185
 1.7880673262560105
 1.6302727763315166
 1.6612587216408645
 2.3444690693259864
 2.5474601899918583
 2.2448418778781933
 2.1007174678502745
 1.665142087529242
