==================================
Setup:
N: 15
T: 1
add: 1.0
del: 3.0
nat: 0.1
temp: 5.0
Source: Generated
A parameters: Normal{Float64}(μ=-0.07498799915476266, σ=0.28535680382806683)
r parameters: Normal{Float64}(μ=2.2267028066467236, σ=0.3198115664893998)
portion: 1.0
scaling: 1.0

==================================
Statistics:
Proportion of candidate states: 0.26959228515625
Candidate states: 8834
Total states: 32768
Total candidate pairs evaluated: 1000
Total natural transitions: 23918

Path length diff avg: -0.629
Path length diff val: [-3, -6, 1, 0, -5, -1, -2, 3, -7, 4, 2, -4]
Path length diff count: [65, 4, 141, 367, 21, 195, 120, 10, 1, 3, 41, 32]

Cost improvement avg: 5.773899999999998
Cost improvement val: [1.7, 17.8, 9.6, 3.8, 8.8, 6.9, 7.8, 8.6, 6.8, 4.9, 14.8, 10.6, 10.9, 9.9, 8.7, 12.8, 9.8, 2.9, 7.9, 6.6, 16.6, 12.5, 9.5, 14.6, 5.6, 13.6, 1.9, 17.6, 13.8, 11.8, 2.7, 0.0, 14.9, 8.9, 0.9, 0.8, 4.8, 2.8, 7.5, 12.7, 7.6, 3.9, 16.7, 5.9, 5.8, 15.8, 11.7, 3.7, 18.8, 5.7, 7.7, 13.7, 12.6, 1.8, 10.7, 4.7, 6.7, 15.7, 9.7, 11.9, 13.9, 16.8, 10.8, 14.7]
Cost improvement count: [2, 1, 4, 28, 36, 18, 48, 3, 53, 28, 5, 2, 7, 6, 8, 12, 22, 142, 14, 2, 1, 1, 1, 1, 2, 1, 33, 1, 7, 12, 3, 89, 2, 18, 16, 11, 36, 18, 1, 8, 1, 30, 2, 75, 52, 1, 4, 1, 1, 7, 20, 7, 2, 18, 8, 2, 13, 2, 15, 6, 1, 1, 24, 4]

==================================
A matrices:
(T = 1)
15×15 Matrix{Float64}:
 -1.0          0.0170037   0.32741     -0.494808    0.133664    0.0917825  -0.423474   -0.0615905   0.101144    0.0519168  -0.686875    -0.0167084    0.51955     0.244143   -0.618405
 -0.240582    -1.0        -0.164663    -0.183711   -0.132944    0.0692858   0.195974   -0.106188   -0.142952    0.259426    0.137893     0.234172     0.0765158   0.135229    0.18193
  0.109107     0.398152   -1.0          0.166487   -0.131604    0.0321979   0.0552159  -0.061419    0.140892   -0.338714    0.0480137   -0.717144     0.235367    0.193438   -1.1557
  0.112624     0.151837   -0.0402157   -1.0        -0.517925    0.014658   -0.0940882   0.410784    0.784638    0.544249    0.00132862  -0.214875    -0.0683693   0.0300753  -0.13902
  0.0825488    0.360366   -0.419765     0.234068   -1.0         0.129078   -0.56808    -0.127071    0.310819   -0.0162051  -0.174009     0.00289333  -0.177256   -0.38311    -0.105608
  0.252271     0.396919    0.511132    -0.446524   -0.272767   -1.0        -0.67112    -0.113598    0.404673   -0.177159    0.0883079   -0.26877     -0.0374418   0.0567862   0.169357
  0.0738882   -0.0484239   0.00934604  -0.191519   -0.0056214  -0.0339838  -1.0         0.355889   -0.288651   -0.214346    0.59002      0.656951     0.0411608  -0.115252   -0.220785
 -0.579115    -0.454059   -0.100952     0.260992   -0.19227     0.0778718  -0.537282   -1.0         0.0729108  -0.505133    0.3803      -0.625917    -0.259538    0.0460932  -0.376245
  0.367172    -0.0764209  -0.110657    -0.753689   -0.73596    -0.176768    0.150835   -0.386552   -1.0        -0.582917   -0.243155    -0.309492     0.0100328  -0.297545   -0.414943
 -0.205627    -0.42967     0.145859    -0.182855    0.194729   -0.0239103   0.265113   -0.0598813   0.116858   -1.0        -0.00485017  -0.256522    -0.190914   -0.185224   -0.448703
  0.171347    -0.304492   -0.101231     0.197558   -0.390339   -0.0613353   0.331792    0.59153    -0.266913   -0.275957   -1.0         -0.544611    -0.370137   -0.288889   -0.132849
 -0.158234    -0.163287    0.00730907   0.0655909  -0.36194    -0.459198   -0.0713854  -0.182255   -0.287558   -0.577038   -0.0974607   -1.0          0.126686   -0.335006    0.176854
  0.069407    -0.0151241  -0.144595    -0.371881    0.393146   -0.0249645  -0.630937   -0.163996   -0.118175   -0.200138   -0.160462     0.487226    -1.0        -0.359564    0.15067
  0.00297174  -0.0896306  -0.336711     0.0629905  -0.411927    0.239302    0.0267817  -0.384942   -0.226402   -0.412415   -0.138317     0.554749    -0.166571   -1.0         0.129821
 -0.296812    -0.0294254  -0.0380532   -0.0537993  -0.218164    0.301119   -0.418877    0.0703247  -0.278891    0.0591603  -0.502835    -0.47191      0.0713107  -0.100263   -1.0

==================================
r vectors:
(T = 1)
15-element Vector{Float64}:
 2.390148228322054
 2.153848930436279
 2.590009469994082
 1.9589625404933315
 1.7996584521696115
 2.011566088051454
 2.4954031533105034
 2.246092615019313
 2.3866772714312487
 2.0036687906182173
 2.401503312373113
 2.302615231388542
 2.2997992472736892
 2.1623930265445477
 2.3638965561343293
