==================================
Setup:
N: 15
T: 1
add: 1.0
del: 3.0
nat: 0.1
temp: 5.0
Source: Generated
A parameters: Normal{Float64}(μ=-0.07498799915476266, σ=0.28535680382806683)
r parameters: Normal{Float64}(μ=2.2267028066467236, σ=0.3198115664893998)
portion: 1.0
scaling: 1.0

==================================
Statistics:
Proportion of candidate states: 0.222442626953125
Candidate states: 7289
Total states: 32768
Total candidate pairs evaluated: 1000
Total natural transitions: 25479

Path length diff avg: -0.544
Path length diff val: [-3, -6, 1, 0, -5, -1, -2, 3, -7, 4, 2, -4]
Path length diff count: [62, 1, 147, 412, 11, 153, 126, 9, 2, 2, 40, 35]

Cost improvement avg: 5.121299999999999
Cost improvement val: [1.7, 9.6, 3.8, 8.8, 6.9, 7.8, 8.6, 6.8, 4.9, 14.8, 10.9, 9.9, 8.7, 12.8, 9.8, 2.9, 7.9, 6.6, 4.6, 15.9, 5.6, 12.9, 1.9, 13.8, 11.8, 0.0, 14.9, 8.9, 16.9, 0.9, 0.8, 4.8, 2.8, 12.7, 7.6, 3.9, 5.9, 5.8, 15.8, 11.7, 3.7, 5.7, 7.7, 13.7, 12.6, 1.8, 10.7, 4.7, 6.7, 18.7, 9.7, 11.9, 13.9, 10.8, 17.7]
Cost improvement count: [3, 1, 43, 37, 12, 35, 2, 22, 32, 4, 6, 9, 13, 8, 15, 181, 18, 2, 1, 1, 1, 4, 49, 7, 18, 133, 1, 20, 1, 11, 11, 34, 6, 6, 2, 22, 84, 43, 2, 4, 8, 4, 17, 1, 1, 9, 7, 4, 8, 1, 7, 9, 1, 18, 1]

==================================
A matrices:
(T = 1)
15×15 Matrix{Float64}:
 -1.0         0.146467    -0.325114    0.480876    0.0280542  -0.817073   -0.0174173  -0.534315   -0.573094   -0.260822    0.0202267  -0.0179143   0.0158511   0.0172978   -0.0139184
 -0.168267   -1.0          0.155052    0.237812   -0.506116    0.184069    0.2024     -0.313938   -0.404612   -0.084659    0.0434476  -0.388346   -0.124119    0.00892762   0.222602
 -0.203138   -0.108796    -1.0         0.0575285  -0.194633   -0.199828   -0.52754    -0.84967    -0.161293   -0.116083   -0.174596   -0.668293   -0.393913    0.169987    -0.384486
  0.0596454  -0.173579    -0.0201696  -1.0        -0.572426   -0.294283   -0.0510197  -0.337361    0.242875   -0.504221    0.253712   -0.394557    0.306532    0.0398555    0.514492
  0.0171735  -0.409357    -0.474606   -0.423198   -1.0         0.0964832   0.102296   -0.542525    0.304561   -0.345853   -0.433564   -0.3371     -0.0384931  -0.290511    -0.283789
  0.419611    0.162058    -0.365816   -0.632387    0.297345   -1.0        -0.159025    0.0797349  -0.378766    0.0187289  -1.28384    -0.156482   -0.672479    0.431249    -0.126567
  0.313976   -0.428206    -0.169873    0.046406    0.27646     0.110389   -1.0        -0.603825   -0.0330637   0.0975905  -0.118227   -0.229649   -0.0336656   0.351238    -0.0270313
 -0.21932    -0.586398    -0.295483    0.124011    0.0992381  -0.537047   -0.0118526  -1.0         0.165769   -0.191699    0.290792   -0.051533   -0.0383844  -0.788087     0.0964144
  0.342697   -0.095192    -0.0984779  -0.451663    0.0404515   0.143953   -0.0857928  -0.415756   -1.0        -0.252359   -0.366982   -0.157584   -0.222573    0.447657     0.210116
  0.0800613  -0.159094     0.213566   -0.197269   -0.248715    0.0675539  -0.213687    0.283184    0.119282   -1.0        -0.439478   -0.113707    0.437317   -0.0300782    0.528004
 -0.540794    0.0801553    0.0512026   0.0489739   0.329811    0.481734    0.0612892  -0.197822    0.5594      0.276071   -1.0        -0.321029   -0.304223    0.177335    -0.274929
 -0.444954    0.126274     0.0688156  -0.0436401   0.258976   -0.0635419  -0.351049   -0.612152    0.0138574  -0.483276   -0.40976    -1.0        -0.180231    0.161765    -0.412617
  0.389178    0.171903     0.279588    0.037242   -0.114148    0.291326    0.0663186  -0.250116    0.0484015  -0.0196377   0.015467    0.159559   -1.0        -0.110511    -0.0375772
 -0.0893485  -0.00733442   0.0109332   0.113233    0.120002    0.330582   -0.116161   -0.644539    0.331784   -0.369185    0.148823   -0.153839   -0.162343   -1.0          0.22876
  0.117472   -0.560016     0.0640489  -0.363055    0.21963    -0.139683   -0.251132   -0.367385    0.0956822  -0.0264598   0.298187    0.0463435   0.223946    0.131053    -1.0

==================================
r vectors:
(T = 1)
15-element Vector{Float64}:
 2.282991435084228
 2.65281751865457
 2.119713000618988
 1.6689003157197986
 2.5377598935401067
 2.437077517499279
 2.4644365065309786
 2.0661659475383938
 2.379160040152123
 2.0170210717101917
 1.9885822377237194
 2.0610831924903463
 1.9982477941980656
 1.3221015462268375
 2.5287135646082564
