==================================
Setup:
N: 15
T: 1
add: 1.0
del: 3.0
nat: 0.1
temp: 5.0
Source: Generated
A parameters: Normal{Float64}(μ=-0.07498799915476266, σ=0.28535680382806683)
r parameters: Normal{Float64}(μ=2.2267028066467236, σ=0.3198115664893998)
portion: 1.0
scaling: 1.0

==================================
Statistics:
Proportion of candidate states: 0.350616455078125
Candidate states: 11489
Total states: 32768
Total candidate pairs evaluated: 1000
Total natural transitions: 21279

Path length diff avg: -0.415
Path length diff val: [-3, -6, 1, 0, -5, -1, -2, 3, -7, 4, 2, -4]
Path length diff count: [39, 3, 123, 531, 6, 144, 111, 4, 1, 1, 22, 15]

Cost improvement avg: 4.052899999999998
Cost improvement val: [1.7, 17.8, 9.6, 3.8, 8.8, 6.9, 7.8, 8.6, 6.8, 8.5, 4.9, 10.6, 10.5, 8.7, 0.7, 9.8, 2.9, 7.9, 6.6, 16.6, 4.6, 14.6, 6.5, 5.6, 13.6, 1.9, 11.8, 2.7, 0.0, 8.9, 0.9, 0.8, 4.8, 2.8, 12.7, 7.6, 3.5, 3.9, 2.6, 5.9, 5.8, 11.7, 3.7, 5.7, 7.7, 13.7, 12.6, 1.8, 10.7, 4.7, 11.6, 6.7, 9.7, 11.9, 10.8]
Cost improvement count: [2, 1, 4, 38, 25, 1, 29, 3, 19, 1, 34, 1, 1, 14, 3, 4, 212, 6, 2, 1, 1, 1, 1, 4, 1, 58, 4, 2, 181, 18, 18, 15, 40, 5, 3, 1, 1, 5, 1, 82, 60, 1, 5, 9, 12, 1, 2, 15, 5, 12, 2, 14, 8, 4, 7]

==================================
A matrices:
(T = 1)
15×15 Matrix{Float64}:
 -1.0        -0.481425   -0.182151    0.00500277   0.18294      0.0850658  -0.75939    0.391665    -0.000559112  -0.0311817    0.122009   -0.297536    0.0381231   0.627236    -0.764614
 -0.0273824  -1.0         0.0352128  -0.213879     0.068981    -0.111648   -0.495702  -0.0594158    0.0269404    -0.308613    -0.305219   -0.0906314   0.134532    0.290055     0.481796
 -0.129425   -0.208078   -1.0        -0.377027     0.00619597  -0.636728    0.297283   0.230525    -0.0832959    -0.380437     0.0462786  -0.383404   -0.276472   -0.146047    -0.332808
  0.0491773  -0.127639    0.0139797  -1.0         -0.433172    -0.107823    0.14257   -0.148157    -0.168438      0.0981863   -0.171533   -0.180755   -0.401951    0.165024     0.0173163
  0.231831    0.12763    -0.655056    0.0846137   -1.0          0.0852261   0.129886   0.0102389    0.306592     -0.783373     0.0964696  -0.231807   -0.506795    0.494387    -0.170017
 -0.0275466   0.0785267  -0.0603083  -0.300026    -0.350619    -1.0         0.32595    0.404338    -0.373096      0.400814    -0.0876729  -0.346763   -0.0775995   0.253442    -0.0366209
  0.159858    0.441204   -0.511379    0.158986    -0.0400891   -0.419782   -1.0        0.245193    -0.128925      0.00237842  -0.317132    0.153558   -0.171977   -0.182734     0.385086
 -0.214926   -0.152645    0.0618358   0.190024    -0.195338     0.379103    0.128713  -1.0         -0.111029     -0.00355966  -0.281654    0.264501    0.341423   -0.251542    -0.378143
  0.140604   -0.478104    0.192413   -0.415994    -0.0337711   -0.0522993   0.328158  -0.37109     -1.0          -0.435161    -0.582828    0.233846    0.431025    0.13814     -0.175248
 -0.350508   -0.250468   -0.400452   -0.362232    -0.46252     -0.269422    0.093668  -0.288555    -0.0913408    -1.0         -0.286418   -0.0980349   0.159506    0.131961    -0.769633
 -0.297352    0.60887    -0.777083    0.025664    -0.203393    -0.311349    0.351164   0.00723703   0.188958     -0.410474    -1.0        -0.344387    0.0763251  -0.209124     0.266013
 -0.483652   -0.266149    0.0220014  -0.445613     0.00232292  -0.0804313   0.321598  -0.184548     0.190559     -0.176815    -0.173231   -1.0        -0.399673    0.00991915  -0.0220827
  0.0813245  -0.0410828   0.0367258  -0.0568545   -0.344526    -0.0965599   0.132124  -0.156393    -0.226365     -0.154467    -0.360229   -0.0953002  -1.0        -0.0307413    0.149656
 -0.401833    0.722969    0.323946   -0.460418    -0.480822    -0.259561   -0.480558  -0.393277    -0.347885     -0.0776397   -0.529348   -0.0394485  -0.31861    -1.0         -0.039154
  0.0117504  -0.401613    0.0456622  -0.528262     0.191551     0.650278    0.171313  -0.0737634   -0.0345442     0.123403    -0.31738     0.0111189   0.0333781   0.302472    -1.0

==================================
r vectors:
(T = 1)
15-element Vector{Float64}:
 2.6863672376504746
 1.9536053408197016
 2.282670152854402
 2.10824755002015
 2.495014256313567
 2.1835765586391234
 1.8121964920024904
 1.9477220943885385
 2.0580540777908123
 2.413809903293317
 1.8335937196171543
 2.262205287676596
 2.274411484614455
 2.245920659945469
 2.3506962091637704
