==================================
Setup:
N: 15
T: 1
add: 1.0
del: 3.0
nat: 0.1
temp: 5.0
Source: Generated
A parameters: Normal{Float64}(μ=-0.07498799915476266, σ=0.28535680382806683)
r parameters: Normal{Float64}(μ=2.2267028066467236, σ=0.3198115664893998)
portion: 1.0
scaling: 1.0

==================================
Statistics:
Proportion of candidate states: 0.24945068359375
Candidate states: 8174
Total states: 32768
Total candidate pairs evaluated: 1000
Total natural transitions: 24585

Path length diff avg: -0.668
Path length diff val: [-3, -6, 1, 0, -5, -1, -2, 3, -8, -7, 2, -4]
Path length diff count: [68, 3, 134, 410, 10, 176, 118, 10, 2, 2, 25, 42]

Cost improvement avg: 5.159800000000002
Cost improvement val: [1.7, 9.6, 3.8, 8.8, 6.9, 7.8, 8.6, 6.8, 4.9, 14.8, 10.6, 10.9, 10.5, 9.9, 8.7, 12.8, 9.8, 2.9, 7.9, 6.6, 5.6, 3.6, 13.6, 1.9, 17.6, 13.8, 11.8, 2.7, 0.0, 8.9, 0.9, 0.8, 4.8, 2.8, 12.7, 7.6, 3.9, 5.9, 5.8, 11.7, 3.7, 5.7, 7.7, 13.7, 1.8, 10.7, 4.7, 11.6, 6.7, 15.7, 9.7, 11.9, 13.9, 1.6, 16.8, 10.8, 14.7, 0.6]
Cost improvement count: [1, 1, 33, 33, 13, 37, 1, 37, 50, 1, 2, 5, 1, 4, 20, 8, 16, 142, 18, 3, 1, 2, 3, 43, 1, 6, 10, 4, 113, 12, 15, 10, 46, 15, 4, 4, 32, 70, 55, 8, 6, 8, 12, 3, 16, 7, 13, 1, 12, 2, 13, 6, 2, 1, 1, 14, 2, 1]

==================================
A matrices:
(T = 1)
15×15 Matrix{Float64}:
 -1.0        -0.263746    -0.433986    0.0231625  -0.122669   -0.496863   -0.0546472  -0.135017   -0.425697    0.1811     -0.340639     0.459874   -0.336137   -0.00016909   0.711663
 -0.129465   -1.0          0.0344331  -0.309856   -0.660637   -0.321788   -0.355944   -0.152928   -0.170291    0.0768653  -0.176389    -0.137951    0.021193   -0.276327    -0.244942
 -0.470316   -0.179064    -1.0        -0.442706   -0.243158   -0.489076   -0.524317    0.14634     0.334217    0.152181    0.463599    -0.0211703   0.195825    0.404402     0.273806
 -0.192135    0.333021    -0.12047    -1.0         0.313143   -0.0587992   0.237818   -0.0518304  -0.0988455  -0.143411    0.0459495   -0.199949    0.0388849  -0.341209     0.129684
  0.26588     0.107532    -0.312382   -0.178574   -1.0        -0.318794   -0.0999247  -0.0597592  -0.0693479   0.242379   -0.0751135    0.167768   -0.0171566  -0.131302    -0.148167
 -0.129791   -0.353478    -0.140155   -0.179757    0.204613   -1.0        -0.2538     -0.161796    0.087643   -0.0657391   0.00585095  -0.601044    0.0523215  -0.201001     0.211377
  0.159803   -0.289079    -0.182048    0.468092    0.122325   -0.0959635  -1.0        -0.274108   -0.222043   -0.1222      0.103699     0.0414177  -0.168264   -0.104425     0.0715719
 -0.349295   -0.760576    -0.355427    0.491682    0.17818    -0.400684   -0.626957   -1.0        -0.736348   -0.561897   -0.621245    -0.321055    0.0590354   0.00127678   0.383191
  0.161119    0.429515    -0.131545    0.0416514  -0.32521    -0.0955959  -0.536801   -0.107478   -1.0        -0.171324   -0.453801     0.103484    0.215694    0.24656      0.0588574
  0.0265208   0.380136     0.0785187  -0.104045   -0.0278779  -0.230733   -0.021704   -0.272889   -0.0832997  -1.0        -0.613603    -0.201227    0.229675   -0.300106    -0.0709342
 -0.0439329  -0.626268    -0.0685875  -0.182444   -0.0302126   0.457976    0.0411994   0.307519   -0.404459   -0.845941   -1.0          0.116256   -0.131317   -0.46664     -0.126112
 -0.45962    -0.00305122   0.189782   -0.436392    0.396473    0.268773   -0.0454255  -0.176992   -0.346447   -0.146967    0.249205    -1.0         0.0908885  -0.141928    -0.514295
 -0.181249   -0.0608965    0.0259716   0.233565   -0.15156     0.453748   -0.216403   -0.145777   -0.13894    -0.112162    0.423663    -0.0817408  -1.0         0.699497     0.293867
 -0.148839    0.518192    -0.210595    0.164006    0.518485    0.210912    0.390379   -0.56592    -0.614153   -0.301426    0.336397    -0.518013   -0.151226   -1.0          0.663871
 -0.270155    0.555406     0.0538762   0.0747053   0.398623   -0.496186   -0.697245   -0.11186    -0.238975   -0.272298    0.0522164    0.267839   -0.835258    0.112681    -1.0

==================================
r vectors:
(T = 1)
15-element Vector{Float64}:
 1.9628267638259738
 2.4460244990998943
 2.261241556462093
 1.4074009836472854
 2.396454099972427
 2.300767519886138
 2.577848733697232
 1.8065876910971388
 2.6072728457823593
 2.106445191582401
 2.39918717151168
 2.6316954207077097
 2.152594512575228
 2.3070599666591747
 2.0396853372551913
