==================================
Setup:
N: 15
T: 1
add: 1.0
del: 3.0
nat: 0.1
temp: 5.0
Source: Generated
A parameters: Normal{Float64}(μ=-0.07498799915476266, σ=0.28535680382806683)
r parameters: Normal{Float64}(μ=2.2267028066467236, σ=0.3198115664893998)
portion: 1.0
scaling: 1.0

==================================
Statistics:
Proportion of candidate states: 0.263763427734375
Candidate states: 8643
Total states: 32768
Total candidate pairs evaluated: 1000
Total natural transitions: 24123

Path length diff avg: -0.522
Path length diff val: [-3, -6, 1, 0, -5, -1, -2, 3, -7, 2, -4]
Path length diff count: [62, 2, 146, 403, 11, 183, 126, 9, 1, 38, 19]

Cost improvement avg: 5.017399999999999
Cost improvement val: [1.7, 9.6, 3.8, 8.8, 6.9, 7.8, 8.6, 6.8, 4.9, 14.8, 10.9, 9.9, 8.7, 12.8, 0.7, 9.8, 2.9, 7.9, 6.6, 16.6, 12.5, 4.6, 14.6, 5.6, 3.6, 13.6, 1.9, 13.8, 11.8, 2.7, 0.0, 8.9, 0.9, 0.8, 4.8, 2.8, 12.7, 7.6, 3.9, 16.7, 5.9, 5.8, 15.8, 11.7, 3.7, 18.8, 5.7, 7.7, 13.7, 12.6, 1.8, 10.7, 4.7, 6.7, 9.7, 11.9, 16.8, 10.8, 14.7]
Cost improvement count: [2, 2, 29, 40, 6, 34, 3, 38, 33, 3, 1, 7, 8, 2, 5, 22, 139, 9, 3, 1, 1, 1, 1, 1, 1, 3, 58, 2, 21, 1, 139, 16, 17, 13, 50, 3, 2, 1, 14, 1, 82, 45, 2, 1, 12, 1, 7, 22, 4, 2, 18, 13, 8, 15, 8, 6, 1, 18, 2]

==================================
A matrices:
(T = 1)
15×15 Matrix{Float64}:
 -1.0         0.370666   -0.530056   -0.380834     0.226981     0.251655   -0.0402643  -0.381448    0.0625856  -0.0194704  -0.315612    0.0556146    0.167925     0.0623881  -0.216397
  0.145094   -1.0        -0.225306   -0.0464661    0.135699     0.281039   -0.073004    0.155712    0.503398   -0.337514   -0.294253   -0.559521     0.168268     0.280786   -0.274138
 -0.152233    0.0167314  -1.0        -0.0693571    0.186992     0.0990077   0.125105   -0.60669    -0.134908    0.0902436   0.418446   -0.137884    -0.359106     0.0316572  -0.252654
 -0.242491   -0.321504    0.447806   -1.0         -0.37143     -0.208378   -0.235186   -0.303544   -0.229505   -0.307112   -0.243733   -0.00963817   0.0902323   -0.163336   -0.167393
  0.207584    0.145742    0.101578    0.256805    -1.0          0.41469     0.0805097   0.32262    -0.438217   -0.172538   -0.0752451   0.0923411   -0.378995    -0.0650229   0.274938
 -0.501508    0.34788    -0.546107   -0.601868    -0.181908    -1.0        -0.112443   -0.294883   -0.118094    0.283742    0.262697   -0.127218    -0.279665    -0.0521689   0.0395
  0.236746   -0.351915   -0.573049   -0.853591    -0.0686874   -0.0562418  -1.0         0.508828   -0.409172   -0.227758   -0.286858   -0.0295955   -0.28849     -0.0422621  -0.294617
  0.0305513  -0.158228   -0.154547   -0.157832    -0.535162    -0.324549    0.104077   -1.0        -0.159054    0.140995   -0.389286    0.202351     0.0413383    0.199232   -0.469662
 -0.249097   -0.0302392  -0.127693   -0.0534506   -0.251832     0.0107409  -0.135641   -0.118961   -1.0        -0.222289   -0.154905   -0.142238    -0.404669     0.161171   -0.264732
 -0.26398     0.256706    0.171345    0.00885305  -0.626778    -0.212421   -0.105859   -0.0144828  -0.0904809  -1.0         0.324571    0.218919    -0.0755366   -0.173136    0.375452
 -0.30769     0.0734097   0.25266     0.0422288   -0.572598     0.330351    0.183389   -0.40637    -0.248308   -0.290063   -1.0        -0.0836193    0.00470053   0.165031   -0.904151
  0.128015   -0.0602158  -0.0114553   0.069899    -0.0501374    0.178718    0.228449   -0.277112   -0.169049   -0.446558   -0.409795   -1.0         -0.468069    -0.0493721   0.451857
  0.305905   -0.084481    0.353012   -0.143952     0.00377566   0.0883043  -0.17528    -0.598944   -0.0383207  -0.0725571  -0.136726   -0.115418    -1.0         -0.638061   -0.0209667
 -0.128512    0.400795   -0.254665    0.312177    -0.201208    -0.231513   -0.0674567  -0.483872    0.500859    0.152553   -0.394603   -0.672243    -0.0167889   -1.0        -0.0294566
 -0.213279    0.170727   -0.379161   -0.561236     0.218257    -0.293267   -0.101664   -0.512302   -0.0108383   0.28593    -0.0656268  -0.132512    -0.277106     0.434107   -1.0

==================================
r vectors:
(T = 1)
15-element Vector{Float64}:
 1.8547382828471206
 2.3930666285720084
 2.3070287088242094
 1.987681189110233
 2.559773698618724
 2.058150484235888
 1.984971628623433
 2.5061520737476686
 1.5166305681162697
 2.0180708869031827
 2.473807405821372
 2.3637711454327084
 2.4711911171437597
 3.047666472103873
 2.262011756851868
