==================================
Setup:
N: 15
T: 1
add: 1.0
del: 3.0
nat: 0.1
temp: 5.0
Source: Generated
A parameters: Normal{Float64}(μ=-0.07498799915476266, σ=0.28535680382806683)
r parameters: Normal{Float64}(μ=2.2267028066467236, σ=0.3198115664893998)
portion: 1.0
scaling: 1.0

==================================
Statistics:
Proportion of candidate states: 0.28204345703125
Candidate states: 9242
Total states: 32768
Total candidate pairs evaluated: 1000
Total natural transitions: 23526

Path length diff avg: -0.172
Path length diff val: [0, 4, -5, -1, 2, -3, -2, -4, 3, 1]
Path length diff count: [509, 2, 1, 162, 48, 28, 86, 7, 9, 148]

Cost improvement avg: 4.3157000000000005
Cost improvement val: [1.7, 17.8, 9.6, 3.8, 8.8, 6.9, 7.8, 8.6, 6.8, 4.9, 14.8, 10.6, 10.9, 8.7, 12.8, 0.7, 9.8, 2.9, 7.9, 6.6, 5.6, 3.6, 13.6, 1.9, 11.8, 2.7, 0.0, 8.9, 0.9, 0.8, 4.8, 2.8, 12.7, 7.6, 3.9, 5.9, 5.8, 11.7, 3.7, 5.7, 7.7, 13.7, 1.8, 10.7, 4.7, 6.7, 9.7, 11.9, 10.8, 14.7, 17.7]
Cost improvement count: [1, 2, 4, 21, 40, 3, 28, 1, 18, 35, 4, 1, 3, 7, 1, 1, 6, 198, 8, 3, 2, 1, 1, 59, 14, 1, 185, 30, 16, 11, 54, 3, 4, 2, 12, 85, 46, 4, 5, 3, 14, 2, 22, 6, 5, 8, 3, 4, 11, 1, 1]

==================================
A matrices:
(T = 1)
15×15 Matrix{Float64}:
 -1.0         0.0709399  -0.242022    0.0350043  -0.0305787   0.174793     0.0975818  -0.850258   -0.373288    -0.503811   -0.451091   -0.701167    0.0869299   0.0536468  -0.172017
 -0.126775   -1.0        -0.0502425  -0.0389392   0.359108    0.158617    -0.135859   -0.249227    0.0157561    0.238394   -0.0305235   0.234596   -0.200399    0.616752    0.280564
 -0.678792   -0.342679   -1.0        -0.316311    0.0734431   0.101775    -0.138394    0.246472   -0.227537    -0.520651    0.425451    0.150307   -0.0812803   0.187154   -0.373801
 -0.0554822  -0.166178   -0.072546   -1.0         0.0351974   0.196666    -0.504303   -0.279795    0.167513     0.094683   -0.0641424   0.0963442  -0.371171    0.27934    -0.508944
 -0.261596    0.347717    0.367698    0.391411   -1.0        -0.0380735    0.512081   -0.0189765   0.0897759    0.568821   -0.0567964  -0.265502    0.148005    0.209403   -0.224747
 -0.093239   -0.0327591   0.340422   -0.652579    0.418507   -1.0          0.0922303   0.421348   -0.0948285   -0.133793   -0.37067     0.482705    0.155765   -0.102193   -0.0162207
 -0.306712    0.0266664  -0.0459679   0.0679841   0.209191   -0.288696    -1.0         0.121652    0.0355165    0.147642   -0.405911    0.0998283  -0.233221   -0.0173717  -0.299951
 -0.0621341  -0.224458    0.0361418  -0.173449   -0.077054   -0.0864105   -0.276789   -1.0        -0.929657     0.224586    0.182254    0.523345    0.0769381  -0.243654    0.162816
 -0.326493    0.616294   -0.394761   -0.279267   -0.237978   -0.125028     0.0769389   0.175936   -1.0         -0.216653   -0.132825   -0.31386    -0.267599   -0.315746   -0.264114
 -0.013511   -0.427318   -0.411166    0.433194   -0.146085   -0.00083736  -0.132058    0.0682678  -0.279427    -1.0        -0.406478   -0.224326   -0.108681    0.110904    0.289613
  0.301704   -0.196404   -0.222698    0.276472    0.19012     0.143228     0.134656    0.01241    -0.00118107   0.266296   -1.0        -0.181619    0.123043    0.0896377  -0.247384
  0.109414    0.157654   -0.581077    0.319631   -0.075543    0.426106    -0.0720885   0.339573   -0.232021    -0.0264718  -0.427326   -1.0        -0.320301    0.303124   -0.00697282
  0.0242345   0.0945044  -0.191841   -0.0140385  -0.510463    0.129032    -0.0885452   0.214092   -0.285352    -0.190516   -0.174873    0.124765   -1.0         0.681891   -0.486273
 -0.294932   -0.264763   -0.488272    0.587568   -0.387979    0.0808857    0.34768     0.179479   -0.0505867    0.248047    0.0560729  -0.709155    0.116815   -1.0         0.022065
 -0.309609   -0.232103    0.123345   -0.119732   -0.580016   -0.271244    -0.196518    0.0593401  -0.0433777   -0.227305    0.262748   -0.395766    0.26825     0.171429   -1.0

==================================
r vectors:
(T = 1)
15-element Vector{Float64}:
 2.1821969972010846
 2.3578984382881947
 2.237767183654844
 1.8875770984288518
 2.5225214820712676
 3.150979134813584
 2.35613230534653
 1.889032798356206
 2.4991047560911093
 2.3662477562571325
 2.3023856332086416
 1.8287671307333695
 2.187348693387069
 1.9632135023574686
 2.0697275417471452
