==================================
Setup:
N: 15
T: 1
add: 1.0
del: 3.0
nat: 0.1
temp: 5.0
Source: Generated
A parameters: Normal{Float64}(μ=-0.07498799915476266, σ=0.28535680382806683)
r parameters: Normal{Float64}(μ=2.2267028066467236, σ=0.3198115664893998)
portion: 1.0
scaling: 1.0

==================================
Statistics:
Proportion of candidate states: 0.18438720703125
Candidate states: 6042
Total states: 32768
Total candidate pairs evaluated: 1000
Total natural transitions: 26700

Path length diff avg: -0.542
Path length diff val: [5, -3, -6, 1, 0, -5, -1, -2, 3, -7, 4, 2, -4]
Path length diff count: [1, 82, 2, 165, 371, 17, 160, 109, 16, 1, 1, 44, 31]

Cost improvement avg: 5.759
Cost improvement val: [9.6, 3.8, 8.8, 6.9, 7.8, 8.6, 6.8, 4.9, 14.8, 10.6, 10.9, 9.9, 8.7, 12.8, 0.7, 9.8, 2.9, 7.9, 6.6, 14.6, 5.6, 3.6, 13.6, 12.9, 1.9, 17.6, 13.8, 11.8, 2.7, 0.0, 14.9, 8.9, 0.9, 0.8, 4.8, 2.8, 12.7, 3.9, 2.6, 16.7, 5.9, 20.8, 5.8, 15.8, 11.7, 3.7, 18.8, 5.7, 7.7, 13.7, 12.6, 1.8, 10.7, 4.7, 6.7, 15.7, 9.7, 11.9, 13.9, 16.8, 10.8, 14.7]
Cost improvement count: [3, 27, 38, 13, 37, 1, 37, 32, 5, 3, 4, 9, 8, 17, 1, 28, 137, 13, 1, 2, 1, 1, 1, 1, 34, 1, 5, 17, 3, 105, 1, 27, 16, 7, 43, 16, 7, 29, 1, 1, 94, 1, 47, 2, 5, 6, 1, 6, 13, 3, 2, 8, 8, 5, 9, 2, 10, 10, 3, 2, 28, 2]

==================================
A matrices:
(T = 1)
15×15 Matrix{Float64}:
 -1.0         -0.0359654   0.271958   -0.0869878  -0.271557   -0.372645   -0.0191147     0.084167   -0.336449    0.203536    0.286151   -0.0746783   0.108653  -0.216969   -0.0512889
 -0.680508    -1.0         0.0821288  -0.235629   -0.312461   -0.28003    -0.635861     -0.3847     -0.265493   -0.485302    0.118303   -0.106898    0.305826   0.172123   -0.341352
 -0.090391     0.141781   -1.0        -0.269317   -0.580871   -0.611472   -0.0539403     0.0197282   0.271133   -0.710099   -0.156771   -0.0436747   0.336592  -0.472459   -0.785959
  0.283953    -0.0358717  -0.143707   -1.0         0.031133   -0.189579   -0.329389     -0.228825   -0.09234    -0.604442   -0.155472   -0.415619   -0.156435   0.426335   -0.351118
  0.0357972   -0.0888548  -0.517426   -0.387005   -1.0         0.11073    -0.505742      0.136332   -0.287753    0.0465525   0.367323   -0.112394    0.499814   0.0435739   0.322568
  0.0462423    0.143106    0.0136551  -0.289363    0.416951   -1.0         0.232652     -0.0129355   0.114783   -0.0655033   0.147921   -0.642381    0.349741  -0.0266236  -0.777796
  0.113736    -0.359118   -0.335279    0.532528   -0.141429    0.315709   -1.0          -0.0593206   0.0239539   0.126778   -0.202826   -0.389185   -0.14677    0.280549    0.47502
  0.0906785   -0.114612   -0.260161    0.301854    0.337985    0.0615398  -0.134031     -1.0        -0.0553482   0.0888989   0.0146867  -0.156831    0.22385    0.143762   -0.3005
 -0.139621     0.126399   -0.240538    0.405281   -0.15886    -0.218969   -0.139298      0.0492027  -1.0        -0.198849    0.233944    0.0453363   0.150814  -0.134833    0.0277106
 -0.0172048   -0.115212    0.0436185  -0.982945    0.604643    0.461539    0.000239131  -0.0670231  -0.0616927  -1.0        -0.224916   -0.0307466  -0.437791   0.134653    0.0493606
 -0.695297     0.111188    0.0370549   0.139202    0.0273104   0.112002    0.571653     -0.359107   -0.250117    0.0326297  -1.0        -0.323319   -0.262065  -0.227031    0.340439
  0.0565015    0.0621648  -0.487868   -0.319042    0.0596889  -0.0448822   0.433935      0.111137   -0.752111    0.320976    0.0970713  -1.0        -0.179372  -0.197421   -0.232513
  0.42894     -0.323857   -0.412173   -0.272207   -0.017331   -0.117347    0.0128005    -0.145083   -0.651027   -0.129927   -0.0936917  -0.262598   -1.0       -0.255297    0.407654
  0.0495987   -0.359566    0.0223952  -0.0991621   0.0513031   0.576701   -0.778121      0.0844278  -0.0382846  -0.689276   -0.479013    0.154726   -0.245765  -1.0        -0.270231
 -0.00644087   0.359326    0.253418    0.262249   -0.196739   -0.857618   -0.0307832    -0.146001   -0.0773513  -0.245116    0.156655    0.157295    0.299199  -0.184211   -1.0

==================================
r vectors:
(T = 1)
15-element Vector{Float64}:
 2.2085198091752805
 2.0701387293796065
 1.8970841196109525
 2.4942392170123764
 2.1055772848762033
 2.5809685452598705
 2.578939297526151
 1.8876136428494892
 2.2206980309823425
 2.0561215051370016
 1.860130062989633
 2.209260755482163
 2.158958951443317
 2.230622991430903
 2.733288797545244
