==================================
Setup:
N: 15
T: 1
add: 1.0
del: 3.0
nat: 0.1
temp: 5.0
Source: Generated
A parameters: Normal{Float64}(μ=-0.07498799915476266, σ=0.28535680382806683)
r parameters: Normal{Float64}(μ=2.2267028066467236, σ=0.3198115664893998)
portion: 1.0
scaling: 1.0

==================================
Statistics:
Proportion of candidate states: 0.390167236328125
Candidate states: 12785
Total states: 32768
Total candidate pairs evaluated: 1000
Total natural transitions: 19983

Path length diff avg: -0.236
Path length diff val: [-3, -6, 1, 0, -5, -1, -2, 3, 4, 2, -4]
Path length diff count: [37, 1, 122, 598, 4, 146, 55, 1, 1, 28, 7]

Cost improvement avg: 3.6859
Cost improvement val: [1.7, 17.8, 9.6, 3.8, 8.8, 7.8, 6.8, 4.9, 10.6, 8.7, 0.7, 9.8, 2.9, 7.9, 6.6, 6.5, 11.5, 5.6, 3.6, 1.9, 11.8, 2.7, 0.0, 8.9, 0.9, 0.8, 4.8, 2.8, 7.5, 12.7, 3.9, 2.6, 5.9, 5.8, 11.7, 3.7, 5.7, 7.7, 13.7, 5.5, 1.8, 10.7, 4.7, 6.7, 9.7, 11.9, 1.6, 10.8]
Cost improvement count: [1, 1, 1, 17, 19, 24, 15, 34, 2, 8, 2, 3, 254, 5, 2, 2, 1, 1, 1, 73, 11, 1, 204, 17, 12, 17, 41, 3, 1, 2, 3, 1, 92, 68, 1, 11, 3, 8, 1, 1, 10, 5, 2, 9, 3, 1, 1, 5]

==================================
A matrices:
(T = 1)
15×15 Matrix{Float64}:
 -1.0        -0.0953017   0.432121   -0.199349    0.11908    -0.189996    -0.231214   -0.267517    -0.182631    0.0853444    0.0406502   0.116547   -0.319843    0.366177   -0.17132
  0.0180475  -1.0        -0.309076   -0.0251155  -0.206501    0.0522062    0.225279    0.376425    -0.369207    0.143016    -0.3743     -0.163121    0.423935   -0.208971    0.0881984
 -0.0933817  -0.0302558  -1.0        -0.31058     0.0359066  -0.322838     0.199304    0.00701102  -0.200366   -0.260576    -0.391487    0.227979   -0.435137    0.0180289  -0.219871
 -0.803509   -0.479788   -0.511954   -1.0         0.137175    0.00542287  -0.185161   -0.0309757   -0.632314   -0.24328     -0.0468071  -0.0641989   0.151867    0.129523   -0.434405
 -0.273381   -0.180159    0.402815   -0.15369    -1.0         0.220583    -0.456193   -0.0990772   -0.284148   -0.0866621   -0.0927034   0.358122   -0.588498   -0.0531336   0.268501
  0.225835   -0.0112568   0.217736    0.105534   -0.204372   -1.0         -0.145048    0.14966     -0.220103   -0.152203     0.224469    0.0438049  -0.351465   -0.0932813   0.457183
 -0.188553   -0.0774592  -0.566585   -0.0531613  -0.0159961  -0.261622    -1.0        -0.199896    -0.0814686  -0.763587    -0.113986   -0.87772    -0.530529    0.141914    0.118163
  0.160522   -0.618027    0.108952   -0.290392   -0.0562766   0.0760959   -0.463505   -1.0          0.0163514  -0.193941     0.0973651   0.158389   -0.577588    0.308691   -0.224499
  0.237504    0.0347283   0.242327   -0.0686487   0.165614    0.249959    -0.273283   -0.58393     -1.0        -0.107301    -0.410797   -0.178432   -0.311024   -0.0522004  -0.0500272
  0.109568    0.135598   -0.447362    0.159467   -0.116551   -0.0214921    0.0906893   0.0770068    0.632099   -1.0         -0.589155   -0.118115    0.567919    0.024257    0.578739
  0.444494    0.45244    -0.198148   -0.0518663  -0.680895   -0.298357    -0.622338   -0.432236    -0.242035    0.0699426   -1.0         0.222719   -0.115114    0.131434    0.11204
 -0.123855   -0.337168   -0.131977    0.105903   -0.319391    0.0456123    0.0710324  -0.212568    -0.154972   -0.0313766    0.158862   -1.0        -0.179818    0.0153548  -0.323453
 -0.215106   -0.639729   -0.0549706  -0.191478   -0.0691523  -0.119646     0.13898     0.324709     0.154137   -0.425675    -0.193163    0.265239   -1.0        -0.0365547  -0.605544
 -0.197498    0.0910134   0.357364   -0.0887624   0.159652    0.213205    -0.144705   -0.30686      0.287981    0.00883125   0.385087   -0.405606   -0.211701   -1.0         0.0600959
  0.0406327   0.0226594  -0.54525     0.374223    0.014374   -0.193168    -0.214647    0.19883     -0.247898   -0.245502    -0.153021   -0.269419    0.0274822  -0.282843   -1.0

==================================
r vectors:
(T = 1)
15-element Vector{Float64}:
 2.3555726614255166
 1.844284855283306
 2.0135148761232466
 2.5702835328973297
 2.3353882334799843
 1.9154441261922799
 2.1943523609066973
 2.8755837404217925
 1.9137099277658418
 2.56350319729129
 2.0726941987605754
 2.351328504592879
 1.8833147409011355
 2.2755384843182385
 1.9147045794688529
