==================================
Setup:
N: 15
T: 1
add: 1.0
del: 3.0
nat: 0.1
temp: 5.0
Source: Generated
A parameters: Normal{Float64}(μ=-0.07498799915476266, σ=0.28535680382806683)
r parameters: Normal{Float64}(μ=2.2267028066467236, σ=0.3198115664893998)
portion: 1.0
scaling: 1.0

==================================
Statistics:
Proportion of candidate states: 0.246795654296875
Candidate states: 8087
Total states: 32768
Total candidate pairs evaluated: 1000
Total natural transitions: 24677

Path length diff avg: -0.413
Path length diff val: [-3, -6, 1, 0, -5, -1, -2, 3, 4, 2, -4]
Path length diff count: [46, 3, 146, 459, 10, 159, 103, 6, 1, 43, 24]

Cost improvement avg: 4.7798
Cost improvement val: [17.8, 3.8, 8.8, 6.9, 7.8, 6.8, 4.9, 14.8, 10.6, 10.9, 9.9, 8.7, 15.6, 12.8, 0.7, 9.8, 2.9, 7.9, 6.6, 3.6, 12.9, 1.9, 13.8, 11.8, 2.7, 0.0, 8.9, 0.9, 0.8, 4.8, 2.8, 12.7, 7.6, 3.9, 5.9, 5.8, 15.8, 11.7, 3.7, 5.7, 7.7, 12.6, 1.8, 10.7, 4.7, 6.7, 9.7, 11.9, 10.8, 14.7, 17.7]
Cost improvement count: [2, 28, 39, 18, 26, 24, 64, 2, 1, 7, 2, 9, 1, 7, 1, 13, 167, 22, 1, 1, 1, 54, 3, 14, 2, 141, 16, 18, 14, 40, 8, 1, 2, 23, 78, 51, 1, 6, 6, 1, 8, 1, 16, 8, 5, 14, 10, 5, 14, 3, 1]

==================================
A matrices:
(T = 1)
15×15 Matrix{Float64}:
 -1.0        -0.125628    -0.0681519  -0.336603    0.206465   -0.119112    -0.442448     0.388556   -0.00626949  -0.390256   -0.376643    0.0287896    0.193932    -0.32316     0.083611
 -0.209324   -1.0         -0.223707   -0.142906    0.489469   -0.0394125   -0.358105     0.117544    0.232121     0.202272   -0.559678   -0.576648    -0.158015    -0.242586   -0.114521
 -0.246585    0.00296604  -1.0        -0.1993     -0.182061   -0.209662    -0.133665     0.286913   -0.403628     0.275142   -0.165067    0.0897213    0.190224    -0.0848915  -0.674102
 -0.49661    -0.29322     -0.128511   -1.0         0.0163344   0.00521392   0.209875    -0.301742   -0.111706    -0.213009   -0.196831   -0.435097    -0.315343    -0.121193   -0.132363
  0.0724818  -0.444301     0.29131    -0.387049   -1.0        -0.490072    -0.168329    -0.46181    -0.14265      0.113622   -0.0652765  -0.320971    -0.466496     0.129601   -0.0158787
  0.136492   -0.352613     0.472872    0.0694459   0.0624874  -1.0          0.401065    -0.551775   -0.611451     0.251597    0.385033   -0.335037    -0.308875    -0.232647   -0.312334
  0.0738456  -0.0879488    0.0853144   0.134975    0.0364562   0.261869    -1.0         -0.288623    0.17179     -0.111999   -0.473037    0.271281    -0.342036     0.298199   -0.41859
 -0.152731    0.0330577    0.299022   -0.273675   -0.048837   -0.268178    -0.419824    -1.0        -0.039865    -0.189808   -0.246641    0.113438    -0.110102     0.0428694  -0.319936
  0.262146   -0.482951     0.156343    0.151165    0.105758   -0.378048    -0.291891    -0.373279   -1.0         -0.254318   -0.313687    0.0897445   -0.265843    -0.0910055  -0.281276
 -0.324248   -0.13413      0.337025    0.0142135  -0.0859114  -0.0078337    0.111928     0.258862   -0.0879065   -1.0        -0.0597829  -0.0352412    0.117254    -0.491177   -0.000640397
 -0.277601   -0.441687    -0.420107   -0.190741   -0.300663   -0.381769     0.00776604  -0.151781   -0.527224     0.221024   -1.0         0.00665194  -0.221728     0.114513   -0.159286
 -0.156215    0.0290494   -0.130046   -0.0445986  -0.244477   -0.314295     0.104762     0.168551   -0.312824    -0.111813   -0.189287   -1.0          0.354323    -0.0525084  -0.155667
 -0.312588    0.00899083   0.488954    0.215281   -0.31877    -0.312708    -0.315344     0.0635218  -0.293737    -0.16124     0.0544571  -0.402401    -1.0         -0.413261   -0.335415
 -0.290578   -0.206617     0.241336    0.0875065  -0.145578   -0.530555    -0.0263786   -0.0789902  -0.439085    -0.145746    0.0299769   0.038973    -0.00588341  -1.0         0.0982353
 -0.194612   -0.085403    -0.209748   -0.0669596  -0.291255   -0.454392    -0.396019    -0.226687   -0.468394    -0.0350404   0.339361    0.231435     0.0149875   -0.280908   -1.0

==================================
r vectors:
(T = 1)
15-element Vector{Float64}:
 2.494016175466132
 2.2379600380694686
 2.4887558275164006
 2.1192568731731836
 2.3248102930907457
 1.9791727505939525
 2.290593116206481
 2.976408181088505
 2.122029850405981
 3.217834574625706
 1.8241206834114339
 1.9701211226618072
 1.4212844884793872
 2.0769008707301895
 2.492158844183585
