==================================
Setup:
N: 15
T: 1
add: 1.0
del: 3.0
nat: 0.1
temp: 5.0
Source: Generated
A parameters: Normal{Float64}(μ=-0.07498799915476266, σ=0.28535680382806683)
r parameters: Normal{Float64}(μ=2.2267028066467236, σ=0.3198115664893998)
portion: 1.0
scaling: 1.0

==================================
Statistics:
Proportion of candidate states: 0.214447021484375
Candidate states: 7027
Total states: 32768
Total candidate pairs evaluated: 1000
Total natural transitions: 25719

Path length diff avg: -0.473
Path length diff val: [-3, -6, 1, 0, -5, -1, -2, 3, 4, 2, -4]
Path length diff count: [71, 2, 152, 319, 6, 198, 129, 18, 1, 74, 30]

Cost improvement avg: 6.5548
Cost improvement val: [17.8, 9.6, 3.8, 8.8, 6.9, 7.8, 8.6, 6.8, 4.9, 14.8, 10.6, 10.9, 9.9, 8.7, 12.8, 9.8, 2.9, 7.9, 16.6, 5.6, 12.9, 1.9, 13.8, 11.8, 2.7, 0.0, 14.9, 8.9, 0.9, 0.8, 4.8, 2.8, 12.7, 7.6, 3.9, 16.7, 5.9, 5.8, 15.8, 11.7, 3.7, 5.7, 7.7, 13.7, 12.6, 1.8, 10.7, 4.7, 11.6, 6.7, 15.7, 9.7, 11.9, 13.9, 16.8, 10.8, 14.7, 17.7]
Cost improvement count: [1, 1, 20, 57, 32, 41, 1, 41, 28, 11, 1, 12, 9, 14, 17, 34, 103, 23, 1, 1, 1, 35, 12, 31, 2, 73, 1, 29, 17, 8, 41, 10, 3, 2, 33, 2, 58, 42, 9, 5, 2, 7, 12, 5, 1, 15, 9, 5, 1, 9, 3, 18, 8, 4, 2, 30, 5, 2]

==================================
A matrices:
(T = 1)
15×15 Matrix{Float64}:
 -1.0        -0.0395039   0.52793     0.186531     0.0432934  -0.0382372  -0.176428    0.284933    -0.283358  -0.477132   -0.603184   -0.420864   -0.174315   -0.34554     0.0245617
 -0.291017   -1.0         0.0694131  -0.515365    -0.0437382  -0.12851    -0.17586     0.164937    -0.111995  -0.283049    0.513445   -0.138803    0.02416    -0.109213    0.288177
  0.101365   -0.209149   -1.0        -0.00277597  -0.314386    0.75429    -0.166589    0.126506     0.557726   0.0373226  -0.203892    0.0539115   0.18744     0.136427   -0.181406
  0.0976812  -0.244558    0.32014    -1.0          0.171552    0.0218218   0.455459    0.0426675   -0.468021  -0.0127903  -0.0319873  -0.579211   -0.321766   -0.491923   -0.243649
 -0.372233   -0.280667   -0.513962   -0.0938271   -1.0         0.0710382   0.237014   -0.0788955    0.443071   0.365006    0.216168    0.653696   -0.233782    0.0760122  -0.0377409
  0.454661   -0.874596    0.040904    0.261805    -0.380829   -1.0        -0.102064    0.0945766   -0.293945  -0.135216   -0.481415    0.232671    0.143595   -0.112477    0.376882
 -0.538415   -0.326823   -0.167714   -0.186017    -0.68255    -0.294423   -1.0        -0.0240584    0.737729   0.356507    0.233185   -0.0460731  -0.113571    0.406652   -0.562732
  0.186829   -0.304371    0.0911721  -0.15927      0.511015   -0.235946   -0.460864   -1.0         -0.249676  -0.0991784   0.293425    0.385516   -0.580927   -0.189538    0.0401682
 -0.338376    0.0922964  -0.0118773  -0.27397     -0.0207979  -0.231614   -0.0785709   0.28459     -1.0       -0.460961   -0.147192   -0.180524   -0.247379    0.159326   -0.477925
 -0.0155657  -0.214211    0.0490308  -0.276757    -0.693055   -0.0916943  -0.42268    -0.263018     0.284481  -1.0        -0.28268    -0.390937   -0.0427727  -0.397105   -0.0286868
 -0.272687   -0.0108265  -0.461679    0.00461634  -0.570721   -0.078913   -0.349994   -0.103933    -0.133692  -0.158593   -1.0         0.260286   -0.325939    0.0997024  -0.357106
 -0.318293   -0.0185198  -0.3322      0.566967     0.014542   -0.550591   -0.155325   -0.00621525   0.246811   0.279368    0.0426587  -1.0         0.795681   -0.195805   -0.482672
  0.11902    -0.207319    0.0704541   0.0554353    0.101371   -0.476229   -0.189683   -0.0772579   -0.446248   0.176351   -0.0769832  -0.385943   -1.0        -0.0257362   0.360213
 -0.291816    0.0763633   0.16674    -0.335375    -0.230748    0.2195      0.16523    -0.101969     0.132155  -0.306926    0.0194092  -0.528329    0.209104   -1.0         0.704198
  0.378828    0.618265   -0.34424    -0.0903634   -0.0987118  -0.32399     0.0103825  -0.286039     0.412512   0.595866    0.121576   -0.254852    0.253643    0.0839268  -1.0

==================================
r vectors:
(T = 1)
15-element Vector{Float64}:
 2.4402715822517593
 1.8207202970822147
 1.9552626117302825
 2.165470957559776
 2.326106715574782
 2.2141687821955034
 2.407774079266079
 1.7154591295127934
 2.088088656610951
 1.8389887566395724
 2.2376370932992042
 2.072439691539159
 2.5118673036302526
 1.656373917681926
 2.0427411791151058
