==================================
Setup:
N: 15
T: 1
add: 1.0
del: 3.0
nat: 0.1
temp: 5.0
Source: Generated
A parameters: Normal{Float64}(μ=-0.07498799915476266, σ=0.28535680382806683)
r parameters: Normal{Float64}(μ=2.2267028066467236, σ=0.3198115664893998)
portion: 1.0
scaling: 1.0

==================================
Statistics:
Proportion of candidate states: 0.473724365234375
Candidate states: 15523
Total states: 32768
Total candidate pairs evaluated: 1000
Total natural transitions: 17243

Path length diff avg: -0.601
Path length diff val: [5, -3, -6, 1, 0, -5, -1, -2, 3, 4, 2, -4]
Path length diff count: [1, 75, 6, 114, 437, 13, 152, 132, 8, 3, 37, 22]

Cost improvement avg: 5.0701
Cost improvement val: [17.8, 9.6, 3.8, 8.8, 6.9, 7.8, 8.6, 6.8, 4.9, 14.8, 10.9, 9.9, 8.7, 15.6, 12.8, 0.7, 9.8, 2.9, 7.9, 6.6, 4.6, 5.6, 3.6, 12.9, 1.9, 13.8, 11.8, 2.7, 0.0, 14.9, 8.9, 0.9, 0.8, 4.8, 24.8, 2.8, 7.5, 12.7, 7.6, 3.9, 16.7, 5.9, 5.8, 11.7, 3.7, 5.7, 7.7, 13.7, 1.8, 10.7, 4.7, 11.6, 6.7, 9.7, 11.9, 13.9, 1.6, 16.8, 10.8, 14.7, 17.7]
Cost improvement count: [1, 1, 30, 31, 16, 30, 1, 31, 28, 4, 11, 8, 11, 1, 6, 2, 22, 170, 12, 2, 1, 2, 3, 1, 35, 4, 13, 1, 136, 2, 18, 22, 12, 41, 1, 12, 1, 3, 1, 19, 1, 72, 61, 4, 8, 4, 17, 4, 16, 5, 7, 1, 11, 15, 4, 1, 1, 3, 13, 5, 1]

==================================
A matrices:
(T = 1)
15×15 Matrix{Float64}:
 -1.0        -0.323919   -0.0384082  -0.197416    0.292382   -0.303072    -0.0431151  -0.304252   -0.0447826   0.0721101  -0.0672474   0.109221    0.133826   -0.41785     0.325404
  0.0298317  -1.0        -0.277346    0.406184   -0.0764823  -0.341465     0.146798   -0.360991   -0.0993534  -0.100139   -0.0465269  -0.210785    0.0558156   0.147577    0.00471332
  0.0944679   0.137703   -1.0        -0.274959   -0.200885   -0.399211     0.127474    0.621565   -0.188022    0.281739    0.209731   -0.211271   -0.52484     0.181159   -0.108165
 -0.578611   -0.242703   -0.339881   -1.0        -0.302567    0.658479    -0.134446    0.265564   -0.251541    0.353641   -0.153018    0.0207094   0.278485   -0.0118579  -0.0568924
 -0.459632   -0.510298   -0.250259    0.0374118  -1.0        -0.0938781   -0.526081   -0.417501   -0.574687   -0.253965   -0.201162    0.132093    0.623332    0.283171   -0.053962
  0.259285   -0.156011   -0.351916   -0.374631   -0.30806    -1.0         -0.15837     0.0290293  -0.236598    0.10194    -0.0908009   0.343424   -0.414094   -0.698166   -0.220471
 -0.344857   -0.588792   -0.259825   -0.12649    -0.363797   -0.581978    -1.0         0.0280775  -0.0806254  -0.253822    0.612347   -0.0845652  -0.18986     0.171212   -0.522453
 -0.506206   -0.380674    0.214235    0.127821   -0.0913718   0.0135915   -0.408485   -1.0        -0.363441   -0.12155    -0.394172   -0.274463   -0.44288    -0.140165    0.301602
 -0.236098   -0.179617   -0.0949217  -0.165848    0.0841293   0.402688    -0.113665   -0.296962   -1.0        -0.377255   -0.0320728   0.0150714  -0.109415   -0.221691   -0.0119657
 -0.100869   -0.479948   -0.87172     0.484011   -0.260757    0.243116    -0.11205     0.392277    0.0148723  -1.0         0.528505    0.0811708  -0.0383824  -0.133421    0.0216172
 -0.0337674  -0.279588   -0.506361   -0.0308873   0.115597   -0.164107    -0.323782    0.254148    0.0350617  -0.22395    -1.0         0.0519816  -0.132814   -0.211908   -0.124806
 -0.629412   -0.0195399  -0.566055   -0.519968   -0.209465   -0.229841     0.130702    0.242214   -0.390482    0.092018   -0.303452   -1.0         0.230847    0.350369   -0.0985564
  0.291018    0.0423107  -0.221184   -0.278696   -0.0237125   0.0754775   -0.0247169  -0.0262984   0.428905   -0.0898835  -0.254822   -0.475064   -1.0        -0.045657    0.0902753
  0.140856   -0.305174    0.0442339   0.278813   -0.196713    0.419946     0.22163     0.54264    -0.705734    0.0934515   0.0399676  -0.387271    0.127241   -1.0        -0.145833
  0.152563   -0.0673054   0.020816    0.392092   -0.482951    0.00316948  -0.100516   -0.152372   -0.34464     0.158417    0.312728   -0.137438   -0.29643    -0.196208   -1.0

==================================
r vectors:
(T = 1)
15-element Vector{Float64}:
 1.9915181967400986
 2.006986890558371
 1.6389832926302323
 2.0385176694318923
 2.496358755987456
 2.334894963924516
 2.356149651771482
 2.3410569636041023
 2.093894860883705
 2.2403086467274
 2.2823076068736627
 2.4800945842726185
 1.7427380599266944
 2.343341169723393
 1.6772032168530968
