==================================
Setup:
N: 15
T: 1
add: 1.0
del: 3.0
nat: 0.1
temp: 5.0
Source: Generated
A parameters: Normal{Float64}(μ=-0.07498799915476266, σ=0.28535680382806683)
r parameters: Normal{Float64}(μ=2.2267028066467236, σ=0.3198115664893998)
portion: 1.0
scaling: 1.0

==================================
Statistics:
Proportion of candidate states: 0.3450927734375
Candidate states: 11308
Total states: 32768
Total candidate pairs evaluated: 1000
Total natural transitions: 21455

Path length diff avg: -0.435
Path length diff val: [5, -3, -6, 1, 0, -5, -1, -2, 3, -7, 4, 2, -4]
Path length diff count: [1, 56, 4, 169, 418, 6, 177, 107, 3, 1, 3, 35, 20]

Cost improvement avg: 5.2368000000000015
Cost improvement val: [17.8, 9.6, 3.8, 8.8, 6.9, 7.8, 8.6, 6.8, 4.9, 14.8, 10.6, 10.9, 9.9, 8.7, 12.8, 9.8, 2.9, 7.9, 4.6, 14.6, 5.6, 3.6, 1.9, 17.6, 13.8, 11.8, 2.7, 0.0, 14.9, 8.9, 16.9, 0.9, 0.8, 4.8, 2.8, 12.7, 7.6, 3.9, 2.6, 5.9, 20.8, 5.8, 15.8, 11.7, 3.7, 5.7, 7.7, 13.7, 1.8, 10.7, 4.7, 11.6, 6.7, 15.7, 9.7, 11.9, 10.8, 14.7, 0.6]
Cost improvement count: [1, 1, 24, 40, 6, 33, 4, 30, 44, 2, 2, 3, 5, 15, 15, 22, 156, 20, 1, 1, 1, 1, 52, 1, 4, 14, 4, 124, 1, 16, 1, 14, 10, 49, 6, 4, 2, 23, 1, 83, 1, 50, 3, 4, 8, 3, 14, 5, 10, 4, 10, 2, 12, 3, 10, 2, 18, 4, 1]

==================================
A matrices:
(T = 1)
15×15 Matrix{Float64}:
 -1.0        -0.181521    0.138857   0.109398    0.526978     0.0601578  -0.277968     -0.193988    0.20773     0.294091    0.0617246    0.0743202  -0.313749    0.0642374   -0.32026
  0.129206   -1.0        -0.164548   0.3917      0.248481    -0.0578483  -0.402756     -0.607482   -0.0614945   0.205987   -0.234465     0.0232016  -0.258544   -0.167625     0.0890843
 -0.277535   -0.870426   -1.0        0.096445   -0.268092     0.162613   -0.244375     -0.0223205   0.0731946  -0.355215    0.00795304  -0.019247   -0.0301835  -0.173888     0.306063
 -0.530898   -0.0963765   0.10375   -1.0         0.164878     0.0981397  -0.181774      0.528413   -0.0325754  -0.705145   -0.0121071    0.137977   -0.11007    -0.443561    -0.00609715
 -0.517775   -0.305929   -0.241941   0.367114   -1.0         -0.125182    0.0423892     0.0365415   0.0550076   0.102939   -0.011252     0.192876    0.416514   -0.0934793   -0.191786
 -0.192935   -0.481721    0.162431   0.155235   -0.242924    -1.0        -0.3166        0.671648   -0.334658   -0.106634   -0.210094    -0.288079    0.372072    0.0668245    0.228331
  0.516431   -0.30165     0.04854    0.467621   -0.00686275   0.132461   -1.0           0.192006   -0.53474    -0.612878   -0.327422    -0.164618    0.379933   -0.0225222   -0.50715
  0.345013    0.192083   -0.726926   0.0584328   0.0346931   -0.7616      0.243782     -1.0        -0.122376    0.443384   -0.232751    -0.328107    0.300051   -0.15168      0.381712
  0.202664   -0.171365    0.127438   0.53593    -0.00614709  -0.242579   -0.118652     -0.0505633  -1.0        -0.658329   -0.298737     0.158781    0.196687   -0.160984    -0.3913
 -0.314933    0.272312    0.233726  -0.0773854   0.161987    -0.167148   -0.000138265  -0.158545    0.0787265  -1.0         0.296008    -0.0297978  -0.378737   -0.179379     0.333709
  0.479282    0.100217   -0.257642   0.523609   -0.460353    -0.547674   -0.138041      0.2471     -0.150232    0.361277   -1.0          0.379624    0.399157    0.00692556   0.00959745
 -0.356608    0.230699    0.219468   0.256202    0.134602    -0.500448    0.00237153    0.086718    0.37764     0.102163   -0.300027    -1.0        -0.357185   -0.0620567   -0.188785
 -0.371324    0.140881    0.156581  -0.155652   -0.164504    -0.287361   -0.201457     -0.151321   -0.0604767  -0.339443   -0.610213    -0.435755   -1.0         0.348586    -0.0901529
 -0.363167    0.142296   -0.430569  -0.313008    0.139459    -0.263641    0.757973      0.383634   -0.0467549   0.275634    0.0669631   -0.0103332   0.367604   -1.0         -0.0136649
  0.0663703  -0.316018   -0.379127   0.198344   -0.115335    -0.134963   -0.115974     -0.369435   -0.578649    0.0860358  -0.117343    -0.445439   -0.141395    0.201997    -1.0

==================================
r vectors:
(T = 1)
15-element Vector{Float64}:
 2.238130305443522
 2.2772589763153666
 2.344989300251488
 2.4699034842625034
 2.1226784141221797
 2.2886963093032473
 2.7589498780504274
 2.1469344161669297
 2.149043202955453
 2.222460868749574
 1.9010693806188779
 2.270098262774557
 1.8006130986591373
 2.8027308500747052
 2.4552946762803707
