==================================
Setup:
N: 15
T: 1
add: 1.0
del: 3.0
nat: 0.1
temp: 5.0
Source: Generated
A parameters: Normal{Float64}(μ=-0.07498799915476266, σ=0.28535680382806683)
r parameters: Normal{Float64}(μ=2.2267028066467236, σ=0.3198115664893998)
portion: 1.0
scaling: 1.0

==================================
Statistics:
Proportion of candidate states: 0.246490478515625
Candidate states: 8077
Total states: 32768
Total candidate pairs evaluated: 1000
Total natural transitions: 24681

Path length diff avg: -0.557
Path length diff val: [-3, -6, 1, 0, -5, -1, -2, 3, 4, 2, -4]
Path length diff count: [69, 1, 120, 365, 7, 200, 126, 17, 2, 56, 37]

Cost improvement avg: 6.317899999999999
Cost improvement val: [17.8, 3.8, 8.8, 6.9, 7.8, 8.6, 6.8, 4.9, 14.8, 10.6, 10.9, 9.9, 8.7, 12.8, 9.8, 2.9, 7.9, 5.6, 13.6, 12.9, 1.9, 13.8, 11.8, 2.7, 0.0, 14.9, 8.9, 16.9, 0.9, 0.8, 4.8, 2.8, 12.7, 3.9, 16.7, 5.9, 20.8, 5.8, 15.8, 11.7, 3.7, 5.7, 7.7, 13.7, 1.8, 10.7, 4.7, 6.7, 18.7, 15.7, 9.7, 11.9, 13.9, 16.8, 10.8, 14.7, 17.7]
Cost improvement count: [1, 20, 55, 29, 48, 1, 50, 35, 13, 1, 6, 7, 7, 12, 42, 106, 18, 1, 2, 6, 30, 16, 31, 1, 100, 1, 30, 1, 14, 5, 31, 8, 3, 37, 1, 72, 1, 53, 6, 6, 1, 5, 8, 2, 14, 2, 4, 2, 1, 3, 4, 6, 6, 2, 28, 4, 1]

==================================
A matrices:
(T = 1)
15×15 Matrix{Float64}:
 -1.0          0.228302    0.0406793  -0.270299   -0.275914   -0.0382178  -0.556049   -0.399817   -0.0383803   0.13164     0.064587   -0.153128    -0.138576   -0.0104742   0.297059
  0.113706    -1.0        -0.407506   -0.243188   -0.481762    0.349987   -0.353419   -0.219038   -0.104818   -0.112987   -0.359885   -0.28477     -0.338599    0.0154722  -0.32709
 -0.682411     0.328122   -1.0         0.370904    0.0393474  -0.448754   -0.073816    0.104228   -0.0741437  -0.289224   -0.312568   -0.00266728   0.0206032   0.212599    0.277063
 -0.281342     0.171736    0.115661   -1.0        -0.200955    0.0918414  -0.196336   -0.128374   -0.228896   -0.269436    0.568917   -0.00921059  -0.099827   -0.153974    0.0581032
 -0.245445    -0.134461   -0.266964   -0.345261   -1.0        -0.578505    0.0109093  -0.480592   -0.0557915  -0.301829    0.0711814   0.107929     0.323437    0.360164   -0.0750254
 -0.0532196   -0.254476   -0.0318166  -0.0816466  -0.284552   -1.0        -0.350832   -0.0725702  -0.429955   -0.220438    0.782208   -0.270934    -0.13556     0.0160868  -0.0646458
 -0.0525795    0.0332667  -0.060063   -0.0249004  -0.180362    0.173506   -1.0        -0.322497   -0.355463   -0.0285245  -0.108619    0.606114    -0.302169   -0.157213   -0.435042
 -0.182799     0.211642    0.39404    -0.331651   -0.486432    0.346819   -0.0213938  -1.0        -0.387794    0.0713656  -0.420211   -0.599529    -0.300489   -0.617455   -0.207295
 -0.00732479   0.290572    0.326246    0.0665513   0.166475   -0.433128    0.44703    -0.328255   -1.0         0.27702    -0.205627   -0.221924     0.271751    0.201848   -0.010952
 -0.0494507    0.0345907  -0.0905628  -0.211706    0.288926   -0.215067   -0.793715   -0.0647007  -0.118178   -1.0         0.191113   -0.354758     0.372818   -0.061592   -0.679476
 -0.252902    -0.147931   -0.417261    0.245991   -0.589827   -0.311664   -0.48224    -0.11359     0.260651    0.0653227  -1.0         0.169594     0.410386    0.27641     0.016494
 -0.450643     0.125451   -0.176725   -0.568417    0.402757    0.0397925  -0.106368    0.257502    0.0994482  -0.595269   -0.114688   -1.0          0.336753    0.6073      0.21022
 -0.513236    -0.273981    0.0839941  -0.0722493   0.718271   -0.174199   -0.0336893  -0.0401489  -0.367681   -0.0663578  -0.191711    0.163929    -1.0         0.212238    0.0204707
 -0.255566    -0.131273   -0.127517   -0.416646   -0.0381901   0.215587    0.554571   -0.608217   -0.256403    0.218438   -0.14108     0.0405751   -0.067267   -1.0        -0.0254981
 -0.00576204   0.258323   -0.26208    -0.676329    0.161443   -0.107284   -0.366838    0.113433   -0.307149    0.709413   -0.114758    0.20003      0.299345   -0.137279   -1.0

==================================
r vectors:
(T = 1)
15-element Vector{Float64}:
 1.896355250531438
 2.010771754203959
 1.6322752555609785
 2.0557074886742877
 2.3393818512600175
 2.29721480128333
 2.858425346391079
 1.87862256970049
 2.2135149611978133
 2.0058265129812978
 2.465914856201078
 2.1406767726332214
 2.6532153487989203
 2.1067223098178327
 1.9701770029428305
