==================================
Setup:
N: 15
T: 1
add: 1.0
del: 3.0
nat: 0.1
temp: 5.0
Source: Generated
A parameters: Normal{Float64}(μ=-0.07498799915476266, σ=0.28535680382806683)
r parameters: Normal{Float64}(μ=2.2267028066467236, σ=0.3198115664893998)
portion: 1.0
scaling: 1.0

==================================
Statistics:
Proportion of candidate states: 0.201751708984375
Candidate states: 6611
Total states: 32768
Total candidate pairs evaluated: 1000
Total natural transitions: 26157

Path length diff avg: -0.303
Path length diff val: [-3, -6, 1, 0, -5, -1, -2, 3, 4, 2, -4]
Path length diff count: [41, 5, 177, 402, 7, 176, 109, 8, 3, 59, 13]

Cost improvement avg: 5.1728000000000005
Cost improvement val: [17.8, 9.6, 3.8, 8.8, 6.9, 7.8, 6.8, 4.9, 14.8, 10.9, 9.9, 8.7, 12.8, 0.7, 9.8, 2.9, 7.9, 6.6, 9.5, 4.6, 6.5, 1.9, 13.8, 11.8, 0.0, 8.9, 16.9, 0.9, 0.8, 4.8, 2.8, 7.5, 12.7, 7.6, 3.9, 5.9, 5.8, 15.8, 11.7, 3.7, 5.7, 7.7, 13.7, 1.8, 10.7, 4.7, 6.7, 9.7, 11.9, 1.6, 10.8, 14.7, 17.7]
Cost improvement count: [2, 1, 32, 39, 8, 44, 26, 32, 1, 10, 1, 10, 4, 3, 11, 169, 24, 4, 1, 1, 1, 53, 5, 9, 91, 31, 1, 18, 13, 58, 8, 1, 3, 2, 11, 94, 50, 2, 4, 10, 1, 17, 2, 20, 7, 5, 18, 8, 7, 3, 20, 3, 1]

==================================
A matrices:
(T = 1)
15×15 Matrix{Float64}:
 -1.0        -0.774962     0.397884   0.0175719  -0.0331395    0.654517   -0.427889   -0.271415    0.200866   -0.0977473   0.144211    0.00900478  -0.341834   -0.129983    -0.199268
 -0.351107   -1.0          0.108996  -0.257162   -0.164824     0.0288361   0.335213   -0.36036    -0.036116    0.270124    0.259358    0.299339    -0.117639   -0.262662     0.0660277
  0.245154    0.271998    -1.0        0.255833    0.176564     0.352667   -0.242889   -0.241081    0.254922   -0.236151   -0.247766    0.58053     -0.156041   -0.708764    -0.442413
  0.367133    0.454096     0.270544  -1.0        -0.129104    -0.17348    -0.0540091   0.19021    -0.157693    0.0350636  -0.219282    0.341859    -0.202128    0.383814    -0.196318
  0.2019     -0.152829    -0.518031  -0.249362   -1.0         -0.047112   -0.135231    0.0989247   0.172908   -0.0699515  -0.198336   -0.601754    -0.0646106  -0.0845189    0.0395998
 -0.547367    0.0830986    0.326196  -0.0922738  -0.099122    -1.0        -0.497881   -0.116687    0.0690029   0.275216    0.028267   -0.298148    -0.216535   -0.618784    -0.19894
 -0.395313    0.0503922    0.103641   0.200801    0.360396    -0.0930107  -1.0        -0.0309713   0.111931   -0.102367   -0.840388   -0.338799     0.0906847  -0.0670112    0.0553134
  0.416614    0.373372     0.244873  -0.467546    0.321823    -0.0820396  -0.0104344  -1.0        -0.201909    0.336442    0.504336   -0.347347    -0.483297   -0.0483605    0.168811
  0.0434105   0.354159    -0.609412  -0.391711   -0.325726     0.143766   -0.513916    0.356028   -1.0        -0.381883   -0.0220918  -0.566742     0.250781    0.128936    -0.204175
 -0.174274   -0.0842232   -0.267212   0.0451613  -0.00127168  -0.211542   -0.691569    0.437647    0.301618   -1.0        -0.197332   -0.265363    -0.0555711   0.00312185   0.0491105
  0.0702427  -0.00756226  -0.485677  -0.0751132   0.154435    -0.412883    0.109889   -0.302858    0.0107506  -0.804707   -1.0         0.121925    -0.28578     0.311271    -0.228118
 -0.532504   -0.255431    -0.389936   0.215054   -0.271352     0.334378    0.251493   -0.0501689  -0.406965   -0.263062   -0.134951   -1.0         -0.0679066  -0.0962049    0.143671
 -0.234102   -0.169417    -0.347332  -0.379895    0.237397     0.0126563  -0.232869   -0.319374   -0.44317    -0.0902194  -0.33381    -0.447916    -1.0         0.208088    -0.148208
 -0.0450414   0.161576     0.357999   0.751787    0.275748    -0.286525   -0.0970717  -0.0822229   0.308605    0.229146   -0.50562    -0.127779    -0.26973    -1.0          0.11379
 -0.233382    0.0750847    0.151827  -0.089356    0.390922    -0.186051   -0.925685   -0.467905   -0.164661   -0.0923994  -0.498111   -0.766028     0.16523     0.59595     -1.0

==================================
r vectors:
(T = 1)
15-element Vector{Float64}:
 2.213383353743516
 2.2812534885587707
 1.9825678940353229
 2.5651300506330017
 2.3130812292923117
 2.490851279931241
 2.190416156647708
 2.3738706070833913
 2.7932402639733955
 2.7530449034773024
 2.1711830754634858
 1.7275715570674457
 1.663599646234883
 2.1339074821697626
 2.209138997641802
