==================================
Setup:
N: 15
T: 1
add: 1.0
del: 3.0
nat: 0.1
temp: 5.0
Source: Generated
A parameters: Normal{Float64}(μ=-0.07498799915476266, σ=0.28535680382806683)
r parameters: Normal{Float64}(μ=2.2267028066467236, σ=0.3198115664893998)
portion: 1.0
scaling: 1.0

==================================
Statistics:
Proportion of candidate states: 0.350341796875
Candidate states: 11480
Total states: 32768
Total candidate pairs evaluated: 1000
Total natural transitions: 21288

Path length diff avg: -0.631
Path length diff val: [-3, -6, 1, 0, -5, -1, -2, 3, -8, -7, 4, 2, -4]
Path length diff count: [56, 10, 132, 467, 24, 126, 97, 7, 1, 4, 4, 32, 40]

Cost improvement avg: 4.783900000000001
Cost improvement val: [1.7, 17.8, 9.6, 3.8, 8.8, 6.9, 7.8, 8.6, 6.8, 4.9, 14.8, 10.6, 10.9, 9.9, 8.7, 12.8, 0.7, 9.8, 2.9, 7.9, 6.6, 5.6, 3.6, 1.9, 17.6, 13.8, 11.8, 2.7, 0.0, 14.9, 8.9, 0.9, 0.8, 4.8, 2.8, 12.7, 7.6, 3.9, 5.9, 5.8, 15.8, 11.7, 3.7, 18.8, 5.7, 7.7, 13.7, 1.8, 10.7, 4.7, 6.7, 15.7, 9.7, 11.9, 1.6, 10.8, 14.7]
Cost improvement count: [1, 3, 1, 25, 43, 9, 34, 3, 20, 19, 3, 1, 6, 2, 9, 4, 6, 8, 191, 14, 2, 2, 2, 40, 1, 2, 14, 3, 169, 1, 14, 6, 15, 44, 7, 6, 3, 8, 75, 61, 1, 8, 5, 1, 7, 13, 6, 16, 12, 9, 14, 3, 11, 4, 1, 9, 3]

==================================
A matrices:
(T = 1)
15×15 Matrix{Float64}:
 -1.0         -0.254754    0.0745049   0.300685   -0.24463     0.32329    -0.0413123  -0.0734693   0.0846364    0.00371907   0.234883    0.614896    -0.335664     0.15861     -0.01928
  0.260074    -1.0        -0.214564   -0.0443168  -0.107533   -0.696694   -0.200328    0.447175   -0.00655482   0.4663      -0.353337    0.110925    -0.034481    -0.251801    -0.00281976
 -0.192221     0.152632   -1.0         0.183277    0.362546    0.422322   -0.456652    0.171988    0.474712     0.145097    -0.320736   -0.00991969   0.159419     0.00207373   0.0814955
 -0.143198    -0.177137    0.296642   -1.0        -0.219427    0.0907679   0.121852    0.178421   -0.476064    -0.197903    -0.229952    0.130302    -0.265473    -0.40342      0.16692
 -0.0705779    0.0325233  -0.299866   -0.0925806  -1.0         0.0319513  -0.177532   -0.102133   -0.146005    -0.216848     0.014752   -0.259105    -0.219267     0.149767    -0.369847
 -0.00431854   0.0626895  -0.0908317  -0.249176   -0.497501   -1.0        -0.0571067  -0.4401      0.178597    -0.461932     0.100169   -0.0183206   -0.037418     0.288154    -0.390627
 -0.136977     0.4935     -0.219641   -0.122544   -0.411693   -0.0458878  -1.0         0.295524   -0.169075    -0.126045    -0.266141   -0.329156     0.00504532   0.0427975    0.0755907
 -0.0116809   -0.294165    0.108722    0.0980108  -0.279613   -0.0316525   0.070077   -1.0         0.343055    -0.255387     0.536521    0.113577    -0.0265673   -0.296445    -0.299406
 -0.416595    -0.479461   -0.0119879  -0.117235    0.180013   -0.142931    0.378605   -0.0397871  -1.0         -0.0609508   -0.131562    0.0827791   -0.156038     0.0950904    0.147281
 -0.535547    -0.0253622   0.202009    0.440025   -0.424647    0.305051   -0.216262   -0.276863    0.060939    -1.0         -0.0600708   0.199935    -0.320853    -0.352727    -0.0181121
  0.058107     0.0870763   0.151676    0.540376    0.0125946  -0.163703   -0.363659    0.217041   -0.369899    -0.231574    -1.0        -0.0962562    0.887482     0.120362     0.0557486
 -0.518191    -0.191882    0.0695985   0.249679    0.272015   -0.560379   -0.454761   -0.20904    -0.240347     0.041031    -0.0169124  -1.0          0.348751    -0.231705    -0.20219
 -0.258989    -0.156586   -0.596501    0.533365    0.0853525  -0.315174   -0.106461    0.225809    0.334874    -0.108184     0.310498    0.159657    -1.0          0.143519    -0.337951
  0.0215995   -0.0635433   0.290191   -0.367452   -0.350831   -0.505201    0.164685   -0.546213   -0.0853556    0.0583462   -0.371508   -0.271735    -0.233006    -1.0         -0.447865
 -0.478175    -0.617788    0.286339    0.498278   -0.590482    0.0773916  -0.294647   -0.156695    0.144629    -0.177628     0.239147   -0.456105     0.187312     0.326524    -1.0

==================================
r vectors:
(T = 1)
15-element Vector{Float64}:
 2.4595159944296774
 2.245461559726627
 2.179498301050673
 2.62248273228048
 2.191689706474999
 2.4103452655528765
 2.0182252812982626
 2.6943526566252256
 2.5313610099745065
 1.5711829561481068
 2.513904755788566
 2.5237107166669923
 2.401757084399686
 2.820259019142571
 2.53093763101939
