==================================
Setup:
N: 15
T: 1
add: 1.0
del: 3.0
nat: 0.1
temp: 5.0
Source: Generated
A parameters: Normal{Float64}(μ=-0.07498799915476266, σ=0.28535680382806683)
r parameters: Normal{Float64}(μ=2.2267028066467236, σ=0.3198115664893998)
portion: 1.0
scaling: 1.0

==================================
Statistics:
Proportion of candidate states: 0.296051025390625
Candidate states: 9701
Total states: 32768
Total candidate pairs evaluated: 1000
Total natural transitions: 22917

Path length diff avg: -0.592
Path length diff val: [-3, -6, 1, 0, -5, -1, -2, 3, 4, 2, -4]
Path length diff count: [77, 2, 120, 344, 11, 190, 142, 20, 2, 60, 32]

Cost improvement avg: 6.1042000000000005
Cost improvement val: [1.7, 17.8, 9.6, 3.8, 8.8, 6.9, 7.8, 6.8, 4.9, 14.8, 10.6, 10.9, 9.9, 8.7, 12.8, 0.7, 9.8, 2.9, 7.9, 16.6, 15.9, 14.6, 3.6, 13.6, 1.9, 13.8, 11.8, 2.7, 0.0, 14.9, 8.9, 0.9, 0.8, 4.8, 21.6, 2.8, 12.7, 3.9, 16.7, 5.9, 20.8, 5.8, 15.8, 11.7, 3.7, 18.8, 5.7, 7.7, 13.7, 12.6, 1.8, 10.7, 4.7, 11.6, 6.7, 15.7, 9.7, 11.9, 13.9, 16.8, 10.8, 14.7, 17.7]
Cost improvement count: [1, 3, 1, 33, 35, 20, 32, 34, 40, 3, 1, 9, 7, 14, 18, 1, 37, 112, 22, 2, 1, 1, 1, 1, 51, 14, 24, 1, 101, 1, 26, 18, 7, 50, 1, 10, 6, 26, 5, 59, 2, 45, 3, 9, 3, 1, 7, 6, 4, 2, 6, 8, 6, 1, 11, 2, 15, 7, 4, 5, 22, 1, 1]

==================================
A matrices:
(T = 1)
15×15 Matrix{Float64}:
 -1.0        -0.0635015     0.00781791  -0.0102607  -0.33387     0.157321    0.0363948  -0.11461     0.453072   -0.400871   -0.595993   0.268646   -0.0718302  -0.137152    0.410038
  0.143055   -1.0          -0.155535    -0.204465    0.0543823  -0.38486     0.0952919   0.0662883   0.0486499  -0.406973    0.101126  -0.309823   -0.242187    0.229737   -0.194008
  0.0802963  -0.000617558  -1.0          0.11345     0.0393259   0.0859196  -0.462721    0.406179    0.192161   -0.0822394  -0.379082  -0.18017    -0.179874    0.660993   -0.104075
  0.0749465   0.102639     -0.00919755  -1.0        -0.103328    0.0888068  -0.308154   -0.304698   -0.142394    0.276676   -0.595872  -0.230433   -0.177044    0.15118     0.0652924
 -0.378969   -0.225177      0.0723523   -0.149612   -1.0        -0.431954   -0.021654   -0.231003   -0.149098    0.144847    0.14583    0.160561   -0.497477   -0.187786   -0.0889791
 -0.0732781  -0.280384     -0.154531    -0.314866    0.33445    -1.0        -0.0286239  -0.402549    0.130372    0.115674   -0.35916    0.142107    0.0426109  -0.429973   -0.242355
  0.257362   -0.522048     -0.0128034    0.0698117   0.0294781  -0.329498   -1.0        -0.394029   -0.0525095  -0.639963   -0.23291   -0.248682   -0.632381    0.41523    -0.0381275
  0.0797409   0.370825      0.0701064   -0.307808    0.0461135  -0.0806131  -0.208521   -1.0        -0.153291   -0.0575587  -0.173435   0.17463    -0.29336     0.179117   -0.946187
 -0.507362   -0.286217     -0.272872     0.0880935   0.118622    0.306625    0.0358464   0.0101121  -1.0         0.143455   -0.409625  -0.356501    0.242117   -0.0956831  -0.382922
  0.0511132   0.151945     -0.0760876   -0.248337    0.064323   -0.162655   -0.159044    0.230127    0.183322   -1.0         0.167763   0.236254   -0.123701    0.557524   -0.221157
 -0.622595    0.104732     -0.546834    -0.771429    0.221917    0.963361   -0.0603922   0.0102444   0.385527    0.0971532  -1.0       -0.148123   -0.222144    0.508755    0.0529938
  0.363862    0.131134     -0.00220781  -0.0202566  -0.0482581  -0.674232   -0.471738   -0.0719931   0.070024    0.131921   -0.461527  -1.0        -0.0651691  -0.380705   -0.33956
 -0.221039   -0.27124       0.0787211   -0.413982   -0.40077    -0.744674   -0.480937    0.262591   -0.256384   -0.465514   -0.179882   0.0904133  -1.0        -0.142111   -0.0893698
  0.28626    -0.0248217    -0.0794376   -0.456051    0.297953   -0.156573   -0.617014    0.311421   -0.51179     0.0631985   0.227986   0.639761   -0.128911   -1.0         0.311525
 -0.302867   -0.131816     -0.237474    -0.25255     0.169229    0.14457     0.163374    0.13185    -0.0636115   0.100036   -0.676641  -0.0143836  -0.150275   -0.24533    -1.0

==================================
r vectors:
(T = 1)
15-element Vector{Float64}:
 1.9477759753840371
 1.706881980168819
 2.5319529666332716
 2.7151889258083752
 2.4490302501135464
 2.3169728917721906
 1.8685800359985916
 2.375638765414939
 2.728425208945087
 2.190774551525387
 1.4552653703952634
 2.9050634125378254
 2.252362414585765
 1.9797449255996127
 2.325303698804207
