==================================
Setup:
N: 15
T: 1
add: 1.0
del: 3.0
nat: 0.1
temp: 5.0
Source: Generated
A parameters: Normal{Float64}(μ=-0.07498799915476266, σ=0.28535680382806683)
r parameters: Normal{Float64}(μ=2.2267028066467236, σ=0.3198115664893998)
portion: 1.0
scaling: 1.0

==================================
Statistics:
Proportion of candidate states: 0.386688232421875
Candidate states: 12671
Total states: 32768
Total candidate pairs evaluated: 1000
Total natural transitions: 20097

Path length diff avg: -0.473
Path length diff val: [-3, -6, 1, 0, -5, -1, -2, 3, -7, 2, -4]
Path length diff count: [66, 2, 141, 469, 6, 165, 102, 8, 1, 23, 17]

Cost improvement avg: 4.5978
Cost improvement val: [1.7, 9.6, 3.8, 8.8, 6.9, 7.8, 8.6, 6.8, 4.9, 14.8, 10.9, 4.5, 8.7, 12.8, 0.7, 9.8, 2.9, 7.9, 6.6, 16.6, 4.6, 6.5, 11.5, 5.6, 3.6, 1.9, 11.8, 2.7, 0.0, 8.9, 0.9, 0.8, 4.8, 2.8, 12.7, 7.6, 3.9, 2.6, 5.9, 5.8, 11.7, 3.7, 5.7, 7.7, 13.7, 12.6, 1.8, 10.7, 4.7, 11.6, 6.7, 9.7, 11.9, 16.8, 10.8, 14.7]
Cost improvement count: [1, 4, 38, 43, 2, 25, 3, 19, 30, 5, 1, 1, 13, 2, 5, 4, 183, 5, 9, 1, 3, 1, 4, 3, 1, 57, 10, 3, 140, 11, 7, 23, 59, 2, 2, 2, 4, 1, 73, 58, 8, 15, 9, 17, 1, 1, 18, 16, 10, 2, 20, 6, 2, 1, 13, 3]

==================================
A matrices:
(T = 1)
15×15 Matrix{Float64}:
 -1.0         0.561148    0.187913   -0.132494   -0.199158   -0.160416     0.0343977  -0.529181    0.067866     0.146957    -0.118374    -0.247586   -0.00353753   0.501075   -0.602268
  0.387128   -1.0        -0.0046153   0.543331   -0.249538   -0.210599    -0.456206    0.0313001   0.183982    -0.148753    -0.316404    -0.30269    -0.0629694    0.148189   -0.0716655
  0.14685    -0.0950912  -1.0        -0.161365   -0.758912   -0.0703809    0.298248   -0.316117    0.00513712   0.0749806   -0.20561     -0.0762827   0.202168    -0.288439   -0.027421
 -0.369415   -0.642781   -0.232173   -1.0        -0.170007    0.0438209   -0.241115   -0.15745    -0.552174     0.00535646  -0.193983    -0.178617   -0.147927    -0.0571766   0.315051
 -0.283489    0.0497434  -0.0649361  -0.445821   -1.0        -0.123358    -0.033535   -0.0119465  -0.419962     0.0178106   -0.135477    -0.230148   -0.276636    -0.232574   -0.203091
 -0.112887   -0.524201    0.305137   -0.475174    0.410718   -1.0          0.511672    0.0285246  -0.631843     0.0553811   -0.288168    -0.462506   -0.348297     0.11372     0.260434
  0.154368    0.451164   -0.142602   -0.232775   -0.153436   -0.383172    -1.0         0.170089   -0.0887579    0.331234     0.00955285   0.113065   -0.319313    -0.0630258  -0.155573
 -0.387606   -0.10123     0.159818   -0.224576    0.473032   -0.492898    -0.404769   -1.0         0.329388     0.197655     0.0229406   -0.517717   -0.467973    -0.0751641   0.450068
  0.102919    0.37002    -0.197223   -0.225654    0.0252415   0.350259     0.116569   -0.22711    -1.0         -0.53964     -0.422129     0.0530081  -0.0450657   -1.07171     0.293174
  0.0295906  -0.357512   -0.573502    0.0595706  -0.629825   -0.238003     0.046046   -0.259714   -0.256506    -1.0         -0.0537072   -0.0888861  -0.401626    -0.356086   -0.160005
  0.41637    -0.0494586   0.210526    0.335103    0.530968    0.314321    -0.225577    0.0201373   0.0193781   -0.0728788   -1.0         -0.443943    0.124574    -0.243247    0.254013
 -0.850152    0.073748   -0.223666   -0.735667    0.121687   -0.115568     0.386112    0.0328812  -0.261477     0.158852    -0.0930988   -1.0        -0.457723    -0.172332    0.0770254
 -0.0694352  -0.582468    0.461599    0.0923604  -0.317309    0.00446883   0.16294     0.1241     -0.378356    -0.198646    -0.510511     0.244612   -1.0         -0.286164   -0.366009
  0.146976    0.209332    0.213422   -0.39036     0.0143486  -0.0143294   -0.157467    0.307362   -0.0211064    0.127986    -0.215779    -0.118153   -0.010497    -1.0        -0.355318
  0.0584387  -0.32052    -0.205255   -0.370056   -0.371356    0.272582     0.27988    -0.163358    0.143816    -0.106769     0.0822871   -0.800107   -0.102168     0.0718435  -1.0

==================================
r vectors:
(T = 1)
15-element Vector{Float64}:
 2.5797834311855605
 2.256464342749501
 2.117940274203597
 1.9869388120187759
 2.280022328809129
 2.329718661562386
 2.3962585567339483
 2.4738642693589243
 2.298333323778408
 2.758524684822402
 1.8580950843741126
 2.146736648670548
 1.9519683050432393
 2.2397785647338533
 2.066349458321282
