==================================
Setup:
N: 15
T: 1
add: 1.0
del: 3.0
nat: 0.1
temp: 5.0
Source: Generated
A parameters: Normal{Float64}(μ=-0.07498799915476266, σ=0.28535680382806683)
r parameters: Normal{Float64}(μ=2.2267028066467236, σ=0.3198115664893998)
portion: 1.0
scaling: 1.0

==================================
Statistics:
Proportion of candidate states: 0.288970947265625
Candidate states: 9469
Total states: 32768
Total candidate pairs evaluated: 1000
Total natural transitions: 23236

Path length diff avg: -0.601
Path length diff val: [5, -3, -6, 1, 0, -5, -1, -2, 3, 4, 2, -4]
Path length diff count: [1, 66, 3, 140, 335, 8, 199, 141, 21, 4, 40, 42]

Cost improvement avg: 6.5498
Cost improvement val: [17.8, 9.6, 3.8, 8.8, 6.9, 7.8, 8.6, 6.8, 4.9, 14.8, 10.6, 10.9, 9.9, 8.7, 15.6, 12.8, 0.7, 9.8, 2.9, 7.9, 6.6, 19.8, 14.6, 5.6, 13.6, 12.9, 1.9, 13.8, 17.9, 11.8, 2.7, 0.0, 8.9, 0.9, 0.8, 4.8, 2.8, 12.7, 17.5, 3.9, 16.7, 5.9, 20.8, 5.8, 15.8, 11.7, 3.7, 5.7, 7.7, 13.7, 1.8, 10.7, 4.7, 11.6, 6.7, 18.7, 15.7, 9.7, 11.9, 13.9, 16.8, 10.8, 14.7, 17.7]
Cost improvement count: [3, 2, 28, 56, 26, 38, 1, 37, 35, 6, 1, 9, 10, 15, 1, 11, 1, 37, 95, 23, 2, 1, 1, 1, 1, 1, 37, 12, 1, 30, 2, 83, 16, 17, 5, 36, 6, 10, 1, 25, 4, 66, 2, 49, 2, 6, 4, 5, 24, 8, 10, 9, 13, 1, 6, 1, 6, 9, 16, 1, 2, 25, 6, 2]

==================================
A matrices:
(T = 1)
15×15 Matrix{Float64}:
 -1.0        -0.0394912    0.283578   -0.132819   -0.289046   -0.157214     0.0228613  -0.226203     0.142691    0.101773    0.284397   -0.06128    -0.22192     -0.0242771  -0.545413
 -0.0377496  -1.0         -0.70102    -0.0710225  -0.515661    0.1881      -0.318067    0.327773     0.382074    0.224627   -0.372325   -0.396018    0.109913    -0.498635    0.386558
 -0.474682    0.0604264   -1.0         0.0511722  -0.323675   -0.0931137    0.0572788  -0.157682     0.422442    0.233617   -0.30914    -0.419045    0.354682     0.0638099  -0.413143
  0.266854    0.688791    -0.434927   -1.0        -0.302948    0.279827     0.100353   -0.310855    -0.254513    0.105915   -0.17089    -0.139267   -0.140805     0.0479027   0.500456
 -0.155371   -0.101023    -0.301631    0.0766736  -1.0        -0.497885    -0.345595   -0.512225     0.0095204   0.258172   -0.123942   -0.455484    0.455166    -0.030052   -0.545509
 -0.0917713   0.631057     0.247533   -0.0876214  -0.3361     -1.0         -0.544542    0.0266352    0.503528   -0.34374    -0.185483   -0.212132   -0.447706     0.493269    0.560265
  0.142007   -0.294657    -0.249042   -0.0319797  -0.211439    0.13129     -1.0        -0.143121    -0.394698    0.323181   -0.411967    0.128154    0.0135296    0.0375158  -0.348688
 -0.31425     0.224405     0.112789    0.18947    -0.517748    0.195594     0.0426599  -1.0          0.0308157  -0.38903     0.432347    0.17061     0.00123011   0.407016    0.14936
 -0.016823    0.0357595    0.262197   -0.408933    0.264586    0.0253476    0.188679   -0.17995     -1.0        -0.602959   -0.675324   -0.589286   -0.107023    -0.151201   -0.631115
  0.241066   -0.374775     0.296302   -0.365244   -0.0827362  -0.0680712    0.0323651  -0.206517     0.0663404  -1.0         0.105675   -0.37347     0.514075     0.133421   -0.0763536
 -0.50092     0.269968    -0.0402863   0.258186    0.055371    0.271383    -0.274275   -0.0262698   -0.615044   -0.214565   -1.0        -0.367442   -0.399554     0.0441391   0.293235
 -0.0991482   0.00115601   0.119661    0.213935    0.562658    0.428179     0.174558   -0.01312      0.113214    0.271289   -0.375719   -1.0        -0.189406    -0.466662   -0.336512
 -0.142022   -0.327507    -0.408185   -0.246501   -0.0823715   0.432548    -0.24481    -0.46658      0.0889729   0.0479072   0.0593242   0.0357152  -1.0         -0.0964774   0.17985
 -0.374996   -0.380185    -0.793466   -0.19565    -0.391294   -0.991346     0.194927   -0.00289838  -0.021089   -0.480952    0.470207    0.151834   -0.0577907   -1.0         0.0317391
 -0.390067   -0.243081    -0.112889   -0.229479    0.186192   -0.00256538   0.040723    0.110889    -0.130446   -0.226044    0.316439    0.030701    0.0597853   -0.361607   -1.0

==================================
r vectors:
(T = 1)
15-element Vector{Float64}:
 2.155581147696827
 1.916981605997125
 1.9244984340573132
 2.2632086553243504
 2.543365535773115
 2.0286373878888098
 1.792267834652363
 2.0746577520034752
 2.6448854067328034
 2.166129693411074
 2.0158246704645997
 1.8062029858617008
 1.8254018968058707
 2.305248897637986
 2.345223418348264
