==================================
Setup:
N: 15
T: 1
add: 1.0
del: 3.0
nat: 0.1
temp: 5.0
Source: Generated
A parameters: Normal{Float64}(μ=-0.07498799915476266, σ=0.28535680382806683)
r parameters: Normal{Float64}(μ=2.2267028066467236, σ=0.3198115664893998)
portion: 1.0
scaling: 1.0

==================================
Statistics:
Proportion of candidate states: 0.210418701171875
Candidate states: 6895
Total states: 32768
Total candidate pairs evaluated: 1000
Total natural transitions: 25873

Path length diff avg: -0.574
Path length diff val: [5, -3, -6, 1, 0, -5, -1, -2, 3, 4, 2, -4]
Path length diff count: [1, 63, 3, 121, 403, 6, 159, 160, 6, 2, 49, 27]

Cost improvement avg: 5.329199999999999
Cost improvement val: [17.8, 9.6, 3.8, 8.8, 6.9, 7.8, 8.6, 6.8, 8.5, 4.9, 14.8, 10.9, 9.9, 8.7, 13.5, 12.8, 9.8, 2.9, 7.9, 6.6, 16.6, 14.6, 5.6, 3.6, 12.9, 1.9, 13.8, 11.8, 2.7, 0.0, 14.9, 8.9, 0.9, 0.8, 4.8, 2.8, 12.7, 7.6, 3.9, 5.9, 20.8, 5.8, 15.8, 11.7, 3.7, 5.7, 7.7, 13.7, 5.5, 1.8, 10.7, 4.7, 6.7, 15.7, 9.7, 11.9, 16.8, 10.8, 14.7]
Cost improvement count: [1, 1, 48, 34, 30, 35, 2, 32, 1, 42, 7, 9, 9, 10, 1, 7, 23, 147, 18, 1, 1, 1, 3, 1, 1, 37, 7, 18, 2, 118, 1, 24, 23, 14, 38, 10, 7, 1, 34, 55, 1, 48, 2, 6, 1, 2, 4, 1, 1, 17, 12, 2, 9, 1, 9, 4, 1, 24, 1]

==================================
A matrices:
(T = 1)
15×15 Matrix{Float64}:
 -1.0        -0.0319797  -0.0776281  -0.459318   -0.0407119  -0.200941   -0.0984688    0.0144512   0.0753589    0.0251015  -0.521801    -0.227555     0.443838     0.448187    0.0311853
 -0.257219   -1.0        -0.16115    -0.0320766  -0.133533   -0.275341    0.337657     0.183237   -0.220009     0.457847   -0.0466238    0.214492     0.510802     0.479014   -0.356538
  0.0516771  -0.0381476  -1.0        -0.241049    0.0285717   0.0461471  -0.440034     0.43512     0.0934672    0.108232   -0.0343265   -0.466217    -0.1876       0.224642   -0.451036
  0.458855   -0.387512   -0.352423   -1.0        -0.768874   -0.0421278   0.00470892   0.178427   -0.49147     -0.0454636   0.0234764    0.156463    -0.0573702   -0.468386    0.238519
 -0.107804   -0.0138125  -0.443265   -0.254125   -1.0        -0.0893898  -0.235366    -0.335821   -0.0216309    0.0270824  -0.158104    -0.0181788   -0.582985    -0.056287    0.188834
  0.173394   -0.705258   -0.468283    0.0745765   0.0562095  -1.0        -0.135654     0.1448      0.00694489  -0.436827   -0.0804206   -0.500886    -0.301301     0.48254    -0.0533038
 -0.591776   -0.363972    0.126273   -0.0335479  -0.576445    0.131973   -1.0         -0.363272    0.21689     -0.235085   -0.341491    -0.00633355  -0.138347     0.0937612  -0.241613
 -0.0650252  -0.626265   -0.110419    0.380558   -0.41005    -0.0161743   0.272989    -1.0         0.0627827    0.0777402   0.703581     0.0677771    0.0948933   -0.452951   -0.579082
 -0.161189   -0.419494   -0.0439493  -0.717218   -0.0996171  -0.530434   -0.346948     0.150263   -1.0         -0.0383259  -0.109263    -0.237301    -0.0618952   -0.170704   -0.0876949
  0.361984    0.256651   -0.0658734  -0.111948    0.18279    -0.25653     0.120489    -0.237309    0.209704    -1.0        -0.00118104  -0.312101    -0.196191    -0.051814    0.498213
  0.214925   -0.161975   -0.113847    0.219823    0.0681645  -0.187177    0.388462     0.0158387   0.0547124   -0.0496611  -1.0         -0.296975    -0.00690245  -0.314242    0.502292
 -0.434896    0.104261   -0.0494138   0.2457      0.219368    0.0592629  -0.121985     0.182228   -0.0223899   -0.116133    0.2512      -1.0          0.264791     0.0849812   0.0271303
 -0.304877   -0.15228    -0.182605    0.581362   -0.187627    0.283589   -0.227069    -0.108522    0.634373    -0.280282   -0.316595     0.194255    -1.0          0.292841   -0.269304
 -0.652671    0.28478     0.252805   -0.270487   -0.0111823  -0.200544    0.710526     0.288932   -0.0976002    0.273612   -0.297016    -0.514116    -0.401598    -1.0        -0.163048
 -0.42508    -0.224118   -0.0309589  -0.164964   -0.0224472  -0.4997      0.135727    -0.434503   -0.337957    -0.458945    0.111221    -0.296491     0.0908957   -0.118659   -1.0

==================================
r vectors:
(T = 1)
15-element Vector{Float64}:
 2.4637903786648416
 2.81098203519384
 2.028653668488673
 2.5691084243521747
 2.4774807981691485
 2.040588891742458
 2.1089350353879976
 2.259807731666677
 2.1524447132307314
 2.195510244991433
 2.261943117202923
 1.9390787548233996
 2.610212618839282
 2.251294317006106
 2.5160224428729205
