==================================
Setup:
N: 15
T: 1
add: 1.0
del: 3.0
nat: 0.1
temp: 5.0
Source: Generated
A parameters: Normal{Float64}(μ=-0.07498799915476266, σ=0.28535680382806683)
r parameters: Normal{Float64}(μ=2.2267028066467236, σ=0.3198115664893998)
portion: 1.0
scaling: 1.0

==================================
Statistics:
Proportion of candidate states: 0.3096923828125
Candidate states: 10148
Total states: 32768
Total candidate pairs evaluated: 1000
Total natural transitions: 22617

Path length diff avg: -0.698
Path length diff val: [-3, -6, 1, 0, -5, -1, -2, 3, -8, -7, -9, 4, 2, -4]
Path length diff count: [73, 4, 127, 391, 16, 156, 137, 7, 1, 2, 1, 1, 45, 39]

Cost improvement avg: 5.346799999999999
Cost improvement val: [1.7, 17.8, 9.6, 3.8, 8.8, 6.9, 7.8, 8.6, 6.8, 8.5, 4.9, 14.8, 10.6, 10.9, 10.5, 9.9, 8.7, 12.8, 0.7, 9.8, 2.9, 7.9, 6.6, 4.6, 14.6, 5.6, 3.6, 1.9, 13.8, 11.8, 2.7, 0.0, 8.9, 0.9, 0.8, 4.8, 2.8, 7.5, 12.7, 7.6, 3.5, 3.9, 2.6, 5.9, 5.8, 15.8, 11.7, 3.7, 5.7, 7.7, 13.7, 12.6, 1.8, 10.7, 4.7, 11.6, 6.7, 9.7, 11.9, 13.9, 10.8, 14.7]
Cost improvement count: [2, 1, 2, 43, 41, 5, 43, 1, 29, 1, 32, 3, 2, 3, 2, 5, 17, 3, 1, 18, 136, 11, 2, 1, 3, 1, 1, 38, 5, 15, 3, 119, 24, 19, 6, 48, 13, 1, 5, 2, 1, 20, 1, 64, 55, 2, 14, 11, 10, 17, 2, 1, 14, 15, 5, 1, 22, 11, 4, 1, 16, 6]

==================================
A matrices:
(T = 1)
15×15 Matrix{Float64}:
 -1.0        -0.174824   -0.111937    0.0432231  -0.143785   -0.0231531  -0.240041   -0.158087   -0.0627518    0.480762   -0.0508366   -0.0821117    0.353574   -0.151765    0.17341
 -0.112831   -1.0         0.0719585  -0.179487    0.126571   -0.644464   -0.0247583   0.0517286   0.00296104  -0.23896    -0.351631    -0.00179004  -0.0351937  -0.0768296  -0.19466
  0.19315     0.0387081  -1.0         0.0349475   0.235756   -0.22393     0.296263   -0.275099   -0.161368    -0.207534   -0.0943185    0.270411     0.183271    0.265267   -0.14113
  0.101569   -0.636523   -0.779019   -1.0        -0.511561    0.0557718   0.240691   -0.190508    0.0768903    0.309161   -0.107127    -0.144192     0.0750221   0.0536373  -0.117616
  0.0452671   0.250755   -0.256586   -0.116439   -1.0        -0.199198   -0.456097   -0.189044   -0.663513     0.0510638  -0.112867     0.49417     -0.61144     0.780425   -0.0958279
 -0.651084    0.0722962   0.0807287   0.113203   -0.184134   -1.0         0.198857    0.182886    0.312611    -0.11648    -0.25769     -0.646514     0.122729   -0.616842    0.41557
 -0.0654446  -0.214105   -0.201917   -0.196519    0.0369207   0.496509   -1.0         0.0684819   0.203066     0.0517677  -0.541992     0.173659    -0.340006    0.150201    0.363178
 -0.0606669  -0.26099     0.1276     -0.436119    0.224313    0.383666    0.105962   -1.0        -0.274568    -0.29269     0.0466013   -0.251207     0.109154   -0.135229   -0.108998
 -0.812524    0.380707   -0.250165   -0.099139    0.225037    0.388117   -0.400298   -0.350708   -1.0         -0.310272    0.450853    -0.317354     0.0793396  -0.159852   -0.275525
 -0.0130773  -0.563353   -0.206943   -0.196504    0.0719032  -0.209415   -0.155325   -0.342917   -0.0755576   -1.0        -0.0779388   -0.0541321    0.340405   -0.0795994  -0.0493528
 -0.324398   -0.366679   -0.338434    0.0324219   0.402524    0.35236     0.173557    0.317013   -0.404455    -0.272564   -1.0          0.155642     0.0136531   0.11657    -0.458426
  0.117866   -0.350192   -0.184722   -0.013701   -0.443368   -0.505557   -0.0196586   0.384561    0.148327     0.0151094   0.155103    -1.0         -0.0117734  -0.652933   -0.448752
 -0.451047   -0.476328   -0.100085   -0.412906   -0.606117   -0.121537   -0.39087    -0.0239385  -0.0252156   -0.389729    0.00573106   0.0974137   -1.0        -0.0279101   0.0648745
 -0.42374     0.481375   -0.242485   -0.239116    0.198874    0.0535542   0.280661   -0.0197775  -0.405243     0.075987    0.224806    -0.140567    -0.0652114  -1.0        -0.0719417
 -0.0542548  -0.238629    0.293629   -0.178786   -0.28165    -0.257819   -0.408494    0.215368   -0.201864    -0.0993419  -0.441867    -0.167778    -0.174989    0.0216975  -1.0

==================================
r vectors:
(T = 1)
15-element Vector{Float64}:
 2.467563253378921
 2.3702014825489415
 1.7792087836916386
 2.2881424773888086
 2.852456361679365
 1.8621284912411238
 2.018456072334801
 2.479864746338867
 2.2799081757319595
 2.708643229646942
 1.6728019607580746
 1.6023647621610577
 2.3501868369627963
 2.4016868137608696
 2.791145379402331
