==================================
Setup:
N: 15
T: 1
add: 1.0
del: 3.0
nat: 0.1
temp: 5.0
Source: Generated
A parameters: Normal{Float64}(μ=-0.07498799915476266, σ=0.28535680382806683)
r parameters: Normal{Float64}(μ=2.2267028066467236, σ=0.3198115664893998)
portion: 1.0
scaling: 1.0

==================================
Statistics:
Proportion of candidate states: 0.192626953125
Candidate states: 6312
Total states: 32768
Total candidate pairs evaluated: 1000
Total natural transitions: 26455

Path length diff avg: -0.52
Path length diff val: [-3, -6, 1, 0, -5, -1, -2, 3, -7, 4, 2, -4]
Path length diff count: [67, 6, 138, 425, 10, 178, 94, 15, 2, 1, 36, 28]

Cost improvement avg: 4.998099999999997
Cost improvement val: [1.7, 9.6, 20.7, 3.8, 8.8, 6.9, 7.8, 8.6, 6.8, 4.9, 14.8, 10.6, 10.9, 9.9, 8.7, 12.8, 0.7, 9.8, 2.9, 7.9, 12.5, 9.5, 4.6, 14.6, 5.6, 3.6, 13.6, 1.9, 17.6, 13.8, 11.8, 2.7, 0.0, 14.9, 8.9, 0.9, 0.8, 4.8, 2.8, 12.7, 3.9, 2.6, 5.9, 5.8, 15.8, 11.7, 3.7, 5.7, 7.7, 13.7, 12.6, 5.5, 1.8, 10.7, 4.7, 11.6, 6.7, 9.7, 11.9, 13.9, 16.8, 10.8, 14.7, 17.7]
Cost improvement count: [2, 5, 1, 27, 25, 8, 33, 1, 32, 47, 7, 2, 1, 1, 12, 5, 2, 18, 156, 14, 1, 1, 2, 2, 1, 1, 1, 58, 1, 2, 11, 3, 125, 1, 21, 18, 13, 49, 12, 2, 20, 1, 93, 53, 3, 5, 7, 5, 13, 1, 2, 1, 8, 7, 3, 2, 15, 13, 6, 1, 1, 14, 1, 1]

==================================
A matrices:
(T = 1)
15×15 Matrix{Float64}:
 -1.0        -0.217547   -0.0617866  -0.119579     0.353777     0.153922     0.371155   -0.0204272  -0.178509   -0.284697   -0.0407399    0.502693   -0.0307889   0.170637   0.101519
 -0.303768   -1.0        -0.0237596  -0.580034    -0.264575     0.302136    -0.400815   -0.0487786  -0.292558    0.0204605   0.344922    -0.120068   -0.526797   -0.668206  -0.663657
 -0.0548662  -0.0479316  -1.0        -0.342914    -0.337907    -0.386106     0.120683   -0.254344    0.0434771  -0.536221    0.259946    -0.0377159   0.139382   -0.322738  -0.00204073
 -0.342149    0.0945829   0.45607    -1.0         -0.181335    -0.802207    -0.106377   -0.248599   -0.348998   -0.112391   -0.0957057    0.53419    -0.0284723  -0.323452  -0.511386
 -0.697892   -0.183192   -0.0771359  -0.126417    -1.0          0.178106    -0.644329   -0.471268   -0.962895   -0.813738   -0.00260709   0.265997   -0.291691   -0.268624   0.233213
 -0.298384    0.421246   -0.0184732   9.73888e-5   0.00759616  -1.0          0.358873    0.069677    0.384256    0.213072   -0.17626     -0.0630893   0.0413579   0.400385  -0.0548799
  0.0714686   0.0030391  -0.132061   -0.0887904   -0.727434    -0.00995614  -1.0        -0.695742   -0.476764   -0.079949   -0.00822344   0.12597    -0.0708186  -0.114957  -0.521055
  0.161608   -0.227072   -0.636695    0.135382    -0.298279    -0.230113     0.224757   -1.0        -0.296422   -0.66284     0.344109    -0.297738   -0.0432708  -0.586171   0.471767
  0.312827   -0.363271   -0.563859   -0.0134061   -0.419973     0.20916     -0.510139   -0.399422   -1.0         0.025652   -0.202876    -0.34728    -0.0820196   0.162295   0.313339
  0.296724   -0.162977   -0.0423156   0.161845    -0.570053    -0.226188    -0.483373   -0.3768     -0.0788936  -1.0         0.0620773   -0.0334737  -0.0595574  -0.176065  -0.11481
 -0.191278    0.299653   -0.482045    0.44747     -0.276208     0.347423     0.033211    0.0916502  -0.312424    0.0465366  -1.0          0.054966   -0.149344    0.167012   0.0052937
  0.229862    0.0371922  -0.103325   -0.435614    -0.233446    -0.11596      0.0569831   0.241196   -0.317713    0.0850871  -0.179424    -1.0         0.257006   -0.18416   -0.469813
  0.158428   -0.589354   -0.122921   -0.155033    -0.242077    -0.0803987   -0.567067   -0.0148213  -0.0633916   0.0507636  -0.27955     -0.142108   -1.0         0.102875  -0.547396
 -0.123731   -0.178919    0.0189878  -0.0496955   -0.203281    -0.114624     0.137813    0.0323125   0.0553389  -0.322357    0.0970853   -0.252969    0.0448757  -1.0       -0.59155
 -0.0258702   0.0163849  -0.0835907  -0.15428     -0.763037     0.0810499   -0.215066    0.290191   -0.240914    0.316025    0.111815    -0.0652024  -0.366371    0.691759  -1.0

==================================
r vectors:
(T = 1)
15-element Vector{Float64}:
 2.63893471562
 2.2026043623564724
 2.6397940067732484
 1.8862706841037307
 2.3396626360637214
 2.1752868367411
 1.4218940752788127
 2.4520544452577155
 1.6910927001415714
 2.3046514211377818
 1.9544684861295494
 2.0186626618643975
 1.9961870170163543
 2.601705073827684
 2.245288138174849
