==================================
Setup:
N: 15
T: 1
add: 1.0
del: 3.0
nat: 0.1
temp: 5.0
Source: Generated
A parameters: Normal{Float64}(μ=-0.07498799915476266, σ=0.28535680382806683)
r parameters: Normal{Float64}(μ=2.2267028066467236, σ=0.3198115664893998)
portion: 1.0
scaling: 1.0

==================================
Statistics:
Proportion of candidate states: 0.27630615234375
Candidate states: 9054
Total states: 32768
Total candidate pairs evaluated: 1000
Total natural transitions: 23714

Path length diff avg: -0.284
Path length diff val: [-3, -6, 1, 0, -5, -1, -2, 3, -7, 2, -4]
Path length diff count: [52, 1, 166, 421, 4, 152, 107, 21, 1, 57, 18]

Cost improvement avg: 5.257100000000001
Cost improvement val: [1.7, 9.6, 3.8, 8.8, 6.9, 7.8, 8.6, 6.8, 4.9, 14.8, 10.6, 10.9, 8.7, 15.6, 12.8, 0.7, 9.8, 2.9, 7.9, 6.6, 11.5, 3.6, 13.6, 1.9, 13.8, 11.8, 2.7, 0.0, 16.5, 8.9, 0.9, 0.8, 4.8, 2.8, 7.6, 3.9, 5.9, 5.8, 11.7, 3.7, 5.7, 7.7, 13.7, 12.6, 5.5, 1.8, 10.7, 4.7, 11.6, 6.7, 9.7, 11.9, 13.9, 16.8, 10.8, 14.7, 17.7]
Cost improvement count: [1, 1, 42, 44, 3, 40, 3, 28, 41, 5, 2, 5, 7, 1, 4, 2, 13, 146, 18, 3, 1, 1, 1, 51, 6, 16, 3, 129, 1, 28, 10, 17, 36, 9, 5, 10, 73, 51, 10, 8, 4, 12, 4, 3, 1, 12, 9, 12, 2, 14, 9, 11, 1, 2, 23, 3, 3]

==================================
A matrices:
(T = 1)
15×15 Matrix{Float64}:
 -1.0        -0.0999491  -0.137779    0.0886131   0.106699   -0.052055   -0.320576    0.000276762  -0.785069    -0.281447   -0.227973    0.282976    -0.23374     0.272369    -0.41973
  0.0345186  -1.0         0.103999   -0.594555   -0.302605   -0.268386   -0.0637229  -0.37682      -0.00522669  -0.127453    0.335387    0.122442    -0.226337    0.0191057   -0.0557228
 -0.246608   -0.187715   -1.0        -0.17287    -0.120768   -0.0379629  -0.341876   -0.383932      0.283417     0.0295513  -0.185632   -0.383157    -0.552969   -0.00191939   0.421291
 -0.135346    0.298861   -0.353072   -1.0        -0.493405    0.280236   -0.13522    -0.528869      0.220305    -0.538224   -0.213196    0.448578    -0.0801301   0.260506     0.309675
  0.375516    0.418667    0.365179   -0.0183598  -1.0        -0.469151   -0.419023   -0.558852      0.0863499   -0.207091    0.498615    0.0692443    0.304042    0.285566     0.175556
  0.505018   -0.136569    0.0977609  -0.146119   -0.324432   -1.0        -0.074654   -0.040894      0.543479    -0.210349    0.0434167   0.566964    -0.492705   -0.096251     0.01931
  0.0380334  -0.222198   -0.253955   -0.451541   -0.402193   -0.303854   -1.0         0.329934      0.00334763   0.193565    0.193289    0.103035    -0.0399207  -0.0100603    0.203507
 -0.323449   -0.0306748  -0.0675844   0.0507456   0.188104    0.123639   -0.243527   -1.0          -0.260305     0.267192    0.25933     0.312951     0.102554   -0.159736     0.223296
 -0.276359   -0.254836    0.259308   -0.212249    0.127362    0.313951    0.434684   -0.251541     -1.0          0.0591071  -0.178038   -0.356386     0.337202    0.164876    -0.446179
  0.392344   -0.182077   -0.0484802   0.1676     -0.0682607  -0.307483   -0.332937   -0.651789     -0.358193    -1.0        -0.4821     -0.00262612   0.0939081  -0.370409    -0.381486
 -0.161797   -0.075868   -0.425479   -0.377994   -0.102282   -0.11745    -0.0625332   0.0698432     0.187072     0.258623   -1.0        -0.138426    -0.30339    -0.352757    -0.414855
 -0.136052    0.248065   -0.473043   -0.501365    0.183903   -0.14509     0.254688    0.321054     -0.355695     0.172815   -0.248064   -1.0         -0.13883    -0.0990858    0.580719
  0.178109   -0.0955407   0.107279   -0.464228   -0.0348958  -0.332513   -0.200384   -0.0979541    -0.191687     0.137644    0.147047   -0.492724    -1.0        -0.261935    -0.355166
  0.364529   -0.0234306   0.100229    0.944488    0.0425448  -0.151893   -0.221295   -0.0480176    -0.234977    -0.0259611   0.164052    0.197861     0.112013   -1.0         -0.11532
 -0.113363    0.0746539  -0.200295   -0.175254   -0.268608   -0.423174   -0.521594   -0.189952     -0.0739941   -0.236139    0.0194298  -0.0955897   -0.317408   -0.136481    -1.0

==================================
r vectors:
(T = 1)
15-element Vector{Float64}:
 2.1456778134913677
 2.217115806084537
 2.28879341894877
 1.8507594168963877
 1.9528743836646294
 2.7253049495065063
 1.4123750171723888
 1.9425820253473447
 2.1794478334335246
 2.307827163640874
 2.5380413944495306
 2.380652410604138
 2.2178052547439404
 2.3500093551637597
 2.486597382490961
