==================================
Setup:
N: 15
T: 1
add: 1.0
del: 3.0
nat: 0.1
temp: 5.0
Source: Generated
A parameters: Normal{Float64}(μ=-0.07498799915476266, σ=0.28535680382806683)
r parameters: Normal{Float64}(μ=2.2267028066467236, σ=0.3198115664893998)
portion: 1.0
scaling: 1.0

==================================
Statistics:
Proportion of candidate states: 0.170166015625
Candidate states: 5576
Total states: 32768
Total candidate pairs evaluated: 1000
Total natural transitions: 27184

Path length diff avg: -0.411
Path length diff val: [-3, -6, 1, 0, -5, -1, -2, 3, 4, 2, -4]
Path length diff count: [43, 1, 144, 362, 5, 202, 135, 17, 3, 61, 27]

Cost improvement avg: 6.0602
Cost improvement val: [17.8, 20.7, 3.8, 8.8, 6.9, 7.8, 6.8, 4.9, 14.8, 10.6, 10.9, 9.9, 8.7, 12.8, 0.7, 9.8, 2.9, 7.9, 15.9, 1.9, 13.8, 11.8, 2.7, 0.0, 14.9, 8.9, 0.9, 0.8, 4.8, 2.8, 12.7, 7.6, 3.9, 5.9, 5.8, 15.8, 11.7, 3.7, 5.7, 7.7, 13.7, 1.8, 10.7, 4.7, 6.7, 18.7, 15.7, 9.7, 11.9, 16.8, 10.8, 14.7, 17.7]
Cost improvement count: [3, 1, 26, 55, 29, 38, 47, 44, 6, 1, 13, 9, 9, 16, 1, 37, 118, 23, 1, 43, 9, 22, 2, 86, 1, 27, 22, 5, 33, 6, 8, 1, 41, 57, 56, 3, 4, 3, 2, 9, 2, 11, 5, 6, 6, 1, 3, 5, 8, 4, 27, 4, 1]

==================================
A matrices:
(T = 1)
15×15 Matrix{Float64}:
 -1.0        -0.288973   -0.20852    -0.336006   -0.377648   -0.113835    0.0222976    0.0427091  -0.238593    -0.349092    -0.287543    0.00375741  -0.13376    -0.438561    0.471802
  0.154494   -1.0        -0.119738   -0.108619   -0.490116   -0.259712    0.23579     -0.548536    0.388774    -0.339124     0.153131   -0.252625     0.0122372  -0.122316    0.519734
 -0.184457   -0.100855   -1.0        -0.183092   -0.276829   -0.212593   -0.0344988   -0.218919    0.00445449  -0.241057    -0.505584   -0.404751    -0.104972    0.0383041  -0.283843
 -0.748687    0.477301    0.156574   -1.0        -0.360374   -0.618518   -0.195467     0.0672582  -0.289943     0.323694    -0.560061   -0.139366    -0.251039   -0.373654    0.00879952
 -0.220268    0.180609   -0.0256837  -0.515737   -1.0        -0.180415   -0.182656    -0.0416203  -0.00323594   0.182241     0.0475913  -0.237385    -0.441444    0.292507   -0.418795
 -0.475295    0.0820766  -0.241235   -0.229702    0.377553   -1.0         0.0837849   -0.326566    0.564531    -0.332295    -0.049412    0.159095    -0.196424   -0.0761818   0.632198
 -0.248673   -0.390282   -0.680525    0.0198965  -0.530797    0.388406   -1.0          0.288451    0.0156994   -0.525903     0.342541   -0.529591    -0.702772    0.48024    -0.355168
 -0.430797    0.102086    0.215601   -0.0927061   0.123491   -0.0985808  -0.38109     -1.0        -0.631122    -0.743325    -0.183452   -0.633452    -0.184633    0.104349    0.00733048
 -0.0949719   0.351329   -0.130795   -0.582741   -0.621647    0.686797   -0.207231     0.168935   -1.0          0.171483    -0.516352   -0.364592    -0.0501399  -0.582006   -0.191205
 -0.0133203   0.149203   -0.300442   -0.0431684   0.118705    0.171711    0.00617461  -0.383357   -0.174726    -1.0         -0.317449   -0.162919     0.555242   -0.247289   -0.24333
 -0.337565   -0.364803    0.112308   -0.070918    0.172941    0.0626739  -0.210855     0.0828617  -0.158118    -0.036383    -1.0         0.00461664  -0.549676   -0.192632   -0.0148392
 -0.15277     0.181611    0.196147    0.410992    0.0111892   0.0212253   0.203214    -0.160207   -0.0568145   -0.415387    -0.153881   -1.0          0.0383896   0.17035    -0.41302
  0.208407   -0.0569767   0.130488   -0.322301    0.0121812  -0.590523    0.51156     -0.180485   -0.309459     0.0698601   -0.104359   -0.370055    -1.0        -0.442564   -0.304422
 -0.135846    0.378289    0.177374    0.0190161   0.190016    0.56962    -0.397454    -0.225122   -0.576968     0.0181964    0.245921    0.146171    -0.778371   -1.0         0.0328596
  0.509742    0.177952    0.404733    0.21583    -0.757511    0.122161    0.0539435   -0.375523   -0.00297602   0.00492668  -0.157583    0.118613    -0.150938   -0.604571   -1.0

==================================
r vectors:
(T = 1)
15-element Vector{Float64}:
 2.1003523994915136
 2.645209264877731
 2.5116252858016272
 2.529927537873713
 1.7439399188162792
 2.397187823924348
 2.018903690832922
 2.0995202967388833
 2.36650415799542
 2.814508089339676
 2.092612234540648
 2.440569183077181
 2.4222076782014996
 2.787127921220293
 2.0836736534038653
