==================================
Setup:
N: 15
T: 1
add: 1.0
del: 3.0
nat: 0.1
temp: 5.0
Source: Generated
A parameters: Normal{Float64}(μ=-0.07498799915476266, σ=0.28535680382806683)
r parameters: Normal{Float64}(μ=2.2267028066467236, σ=0.3198115664893998)
portion: 1.0
scaling: 1.0

==================================
Statistics:
Proportion of candidate states: 0.292205810546875
Candidate states: 9575
Total states: 32768
Total candidate pairs evaluated: 1000
Total natural transitions: 23193

Path length diff avg: -0.359
Path length diff val: [-3, -6, 1, 0, -5, -1, -2, 3, -7, -9, 4, 2, -4]
Path length diff count: [37, 6, 164, 474, 8, 154, 99, 5, 2, 1, 1, 36, 13]

Cost improvement avg: 4.717600000000001
Cost improvement val: [1.7, 9.6, 3.8, 8.8, 6.9, 7.8, 8.6, 6.8, 4.9, 14.8, 10.6, 10.9, 9.9, 8.7, 12.8, 0.7, 9.8, 2.9, 7.9, 6.6, 6.5, 5.6, 3.6, 1.9, 11.8, 2.7, 0.0, 14.9, 8.9, 0.9, 0.8, 4.8, 2.8, 12.7, 7.6, 3.5, 3.9, 16.7, 5.9, 5.8, 15.8, 11.7, 3.7, 5.7, 7.7, 13.7, 12.6, 1.8, 10.7, 4.7, 11.6, 6.7, 15.7, 9.7, 11.9, 10.8, 14.7]
Cost improvement count: [1, 1, 25, 39, 5, 34, 1, 25, 37, 2, 2, 4, 1, 11, 4, 1, 10, 196, 12, 2, 1, 3, 1, 51, 13, 2, 139, 1, 23, 15, 10, 47, 6, 1, 2, 2, 7, 1, 96, 60, 1, 5, 9, 4, 15, 6, 1, 15, 4, 8, 1, 12, 1, 4, 4, 14, 2]

==================================
A matrices:
(T = 1)
15×15 Matrix{Float64}:
 -1.0        -0.283836    0.118112   -0.00159843  -0.409394    0.235607    -0.368953    0.00470524  -0.290965    -0.617205   -0.0757926    0.0404505  -0.100936     0.351883   -0.0779543
  0.0684209  -1.0         0.130548    0.345683     0.359671   -0.423263    -0.0141937   0.401756    -0.239904    -0.187919   -0.00364208  -0.381055   -0.116241    -0.0440525  -0.558748
  0.031227   -0.227589   -1.0         0.235704    -0.273143   -0.457646    -0.160108   -0.181141     0.176676    -0.1239      0.211664     0.346346    0.314466    -0.735104   -0.176585
  0.0559647  -0.198625    0.216418   -1.0          0.238461   -0.00984896  -0.229963   -0.00795706   0.24409      0.136605    0.0930517   -0.340347   -0.0689728   -0.0165867  -0.340609
  0.301056    0.208103   -0.4339      0.202079    -1.0        -0.22698     -0.207526    0.0519285    0.308447    -0.456486    0.0953688   -0.847398   -0.142574    -0.54688    -0.437084
 -0.759941   -0.533472    0.270506   -0.251584     0.121169   -1.0          0.0146957   0.0782226   -0.19698     -0.21784    -0.421643    -0.218544   -0.0997263   -0.374887   -0.25161
  0.0674228   0.344849    0.307178   -0.283592    -0.132556   -0.141414    -1.0         0.239003     0.240842    -0.0707691   0.0762138   -0.353459   -0.21902     -0.209812    0.407673
  0.496938   -0.241671   -0.601164   -0.835187    -0.275758   -0.264629    -0.195487   -1.0          0.00536131   0.325483   -0.393511     0.049323   -0.00658241   0.0511043  -0.126254
 -0.351248    0.316008   -0.084519   -0.70625     -0.316862    0.166892     0.115924    0.200539    -1.0          0.138281    0.0432504   -0.262998   -0.26005     -0.324604   -0.453361
  0.155194   -0.168411   -0.144223   -0.353492     0.165179    0.132701    -0.0203381  -0.16808      0.533308    -1.0        -0.129452    -0.266254    0.285891     0.233588   -0.186252
  0.294885   -0.21668     0.247981    0.222003    -0.0996582   0.0729989    0.067804   -0.00413707  -0.13072      0.0936806  -1.0          0.541178   -0.247698    -0.203349   -0.550214
 -0.319536    0.235764   -0.164661    0.104266     0.0316499  -0.36551      0.397704   -0.375709    -0.0985787    0.268041   -0.657063    -1.0        -0.27328     -0.0723403  -0.369548
 -0.338416   -0.795127   -0.185244    0.159562    -0.690607   -0.192623    -0.138206   -0.0208164   -0.482035    -0.0893989  -0.292793    -0.0661174  -1.0         -0.214519   -0.0348916
  0.135833    0.0580833  -0.0812826  -0.0451531   -0.294088    0.0896715    0.235474   -0.428647     0.134731    -0.0246908   0.0107114   -0.348847    0.26082     -1.0        -0.185028
 -0.0450106   0.218374    0.690227    0.343247    -0.238866   -0.383327    -0.325452   -0.00175805  -0.00429202   0.322869    0.123076    -0.3349     -0.0964066    0.257062   -1.0

==================================
r vectors:
(T = 1)
15-element Vector{Float64}:
 2.60271755654633
 2.033157842433345
 2.3551656754471217
 2.400769408158771
 2.0758122082786987
 2.275314470823787
 2.064803280300735
 1.9870498288526872
 2.5975915775064333
 1.9169157945684856
 1.9985145514531628
 1.9509407006713506
 2.37941816582326
 2.3078268850729526
 2.3283321596210795
