==================================
Setup:
N: 15
T: 1
add: 1.0
del: 3.0
nat: 0.1
temp: 5.0
Source: Generated
A parameters: Normal{Float64}(μ=-0.07498799915476266, σ=0.28535680382806683)
r parameters: Normal{Float64}(μ=2.2267028066467236, σ=0.3198115664893998)
portion: 1.0
scaling: 1.0

==================================
Statistics:
Proportion of candidate states: 0.375732421875
Candidate states: 12312
Total states: 32768
Total candidate pairs evaluated: 1000
Total natural transitions: 20456

Path length diff avg: -0.245
Path length diff val: [-3, -6, 1, 0, -5, -1, -2, 3, 4, 2, -4]
Path length diff count: [30, 3, 166, 523, 5, 115, 95, 1, 1, 44, 17]

Cost improvement avg: 4.7422
Cost improvement val: [1.7, 9.6, 3.8, 8.8, 6.9, 7.8, 8.6, 6.8, 4.9, 10.6, 10.9, 4.5, 10.5, 9.9, 8.7, 12.8, 0.7, 9.8, 2.9, 7.9, 6.6, 19.8, 12.5, 5.6, 3.6, 13.6, 1.9, 11.8, 2.7, 0.0, 8.9, 0.9, 0.8, 4.8, 2.8, 12.7, 7.6, 3.9, 2.6, 16.7, 5.9, 5.8, 11.7, 3.7, 5.7, 7.7, 13.7, 1.8, 10.7, 4.7, 11.6, 6.7, 9.7, 11.9, 10.8, 14.7]
Cost improvement count: [1, 5, 27, 47, 11, 31, 2, 17, 27, 1, 4, 1, 1, 3, 12, 2, 2, 5, 217, 8, 3, 1, 1, 3, 1, 1, 29, 14, 2, 149, 26, 9, 6, 41, 5, 1, 2, 6, 1, 1, 96, 77, 10, 6, 4, 8, 2, 17, 7, 8, 3, 13, 9, 1, 9, 4]

==================================
A matrices:
(T = 1)
15×15 Matrix{Float64}:
 -1.0        -0.617234    -0.050101   -0.23986   -0.0399903   -0.047107     0.380144    -0.0636063  -0.0205655   -0.680634     0.285027    0.276422   -0.0767182   -0.530581   -0.224262
 -0.0370246  -1.0          0.0540846  -0.576454  -0.423364    -0.117454    -0.0662475   -0.429247    0.159824    -0.0835458    0.0478326  -0.0132848  -0.0259476    0.310629   -0.260855
  0.311626    0.0987974   -1.0        -0.224391  -0.345596    -0.252816    -0.0741273    0.0203053  -0.270852     0.189046    -0.257288   -0.157103   -0.206832     0.366758   -0.319493
 -0.0625415  -0.00910896   0.20131    -1.0       -0.519686    -0.0770087    0.305152    -0.412243    0.00732417  -0.561977     0.301926    0.223866    0.00260971  -0.468267   -0.293059
 -0.427634   -0.406417     0.406142   -0.45255   -1.0         -0.678357    -0.271018    -0.279731   -0.331796     0.0461103    0.112081   -0.192987    0.245169     0.183387   -0.0960364
  0.0676327   0.501093     0.242744    0.231353   0.0691445   -1.0         -0.283981    -0.282214    0.170397     0.00777391  -0.375407   -0.450828   -0.0942265   -0.547742   -0.0590219
 -0.0124495  -0.213497    -0.508474   -0.335052   0.358315     0.156831    -1.0         -0.256211   -0.0729197    0.022017    -0.162663   -0.348986   -0.0831757   -0.168716   -0.762727
 -0.25292     0.0699286   -0.12681     0.249145  -0.353523     0.0755675    0.789377    -1.0         0.0618235    0.0710683    0.257951   -0.194091   -0.237787     0.208462   -0.209377
 -0.538203    0.0599636   -0.421448    0.379667   0.0346209    0.00234759  -0.091556    -0.23271    -1.0         -0.301436    -0.265255   -0.387912    0.162215     0.247028    0.348183
  0.0718454   0.191994    -0.216628    0.041164  -0.0448235    0.24986     -0.444534    -0.3291     -0.404255    -1.0          0.123088   -0.176049    0.023382    -0.277316    0.132572
 -0.318125    0.29625      0.118719   -0.248804   0.00151643  -0.418902     0.0126253    0.217984    0.0988629   -0.0839548   -1.0        -0.191066   -0.0137783    0.72539    -0.499497
  0.0434554  -0.382849     0.241005    0.175961  -0.0515604   -0.642011     0.301699    -0.0689934  -0.0857802    0.553546     0.0120367  -1.0         0.244758    -0.0692547   0.14355
 -0.433666    0.222257    -0.229248    0.28193    0.0400941   -0.287089     0.251155     0.474839    0.0306892   -0.278621    -0.0982922  -0.314474   -1.0          0.0505013  -0.0470937
 -0.125657    0.182046     0.134739   -0.292193  -0.0601529   -0.125335    -0.122307     0.0133858  -0.502665     0.385649    -0.406428    0.0364949   0.171203    -1.0         0.147177
 -0.21198     0.307865     0.0764315  -0.29321   -0.205785    -0.247664     0.00682666   0.344918   -0.426699    -0.757244    -0.327082   -0.409701   -0.134751     0.26988    -1.0

==================================
r vectors:
(T = 1)
15-element Vector{Float64}:
 2.0987447374039867
 2.790222181698694
 2.3253067633720743
 1.8649472905179256
 2.4603237040369654
 2.1560661512439245
 1.838603113129792
 2.7074425448032358
 1.7778359091333242
 2.057550425766923
 2.2744386837697053
 1.7228209502009169
 2.4198491776392896
 2.3547663717650202
 2.493840026753871
