==================================
Setup:
N: 15
T: 1
add: 1.0
del: 3.0
nat: 0.1
temp: 5.0
Source: Generated
A parameters: Normal{Float64}(μ=-0.07498799915476266, σ=0.28535680382806683)
r parameters: Normal{Float64}(μ=2.2267028066467236, σ=0.3198115664893998)
portion: 1.0
scaling: 1.0

==================================
Statistics:
Proportion of candidate states: 0.244964599609375
Candidate states: 8027
Total states: 32768
Total candidate pairs evaluated: 1000
Total natural transitions: 24739

Path length diff avg: -0.504
Path length diff val: [-3, -6, 1, 0, -5, -1, -2, 3, -7, 2, -4]
Path length diff count: [55, 3, 148, 411, 6, 174, 130, 8, 1, 39, 25]

Cost improvement avg: 5.140999999999999
Cost improvement val: [9.6, 3.8, 8.8, 6.9, 7.8, 8.6, 6.8, 4.9, 14.8, 10.6, 9.9, 8.7, 12.8, 0.7, 9.8, 2.9, 7.9, 4.6, 14.5, 5.6, 13.6, 1.9, 13.8, 11.8, 2.7, 0.0, 8.9, 0.9, 0.8, 4.8, 2.8, 12.7, 7.6, 3.9, 5.9, 5.8, 15.8, 11.7, 3.7, 5.7, 7.7, 13.7, 12.6, 1.8, 10.7, 4.7, 6.7, 18.7, 15.7, 9.7, 11.9, 13.9, 16.8, 10.8, 14.7]
Cost improvement count: [1, 35, 29, 6, 38, 4, 24, 39, 5, 3, 2, 15, 7, 3, 23, 137, 17, 1, 2, 2, 2, 55, 2, 16, 2, 123, 27, 17, 13, 38, 12, 5, 1, 17, 87, 60, 1, 5, 6, 5, 22, 2, 2, 17, 6, 12, 14, 1, 1, 6, 2, 2, 2, 23, 1]

==================================
A matrices:
(T = 1)
15×15 Matrix{Float64}:
 -1.0         0.106859   -0.0259274  -0.396091    0.243819    0.11762    -0.51075     -0.410255    0.170903   -0.583475    -0.0960075   -0.176041    -0.132542   -0.119979   -0.115246
  0.209684   -1.0         0.209772   -0.0991732  -0.16651     0.285538    0.0295183   -0.0449143  -0.157352    0.481875     0.53522      0.185864    -0.060684   -0.334005    0.640031
  0.242415   -0.679951   -1.0        -0.0116873   0.102485   -0.139125   -0.560022    -0.215106   -0.314868   -0.00393591  -0.0825073   -0.0906061    0.155926   -0.125982   -0.459403
  0.0954722  -0.0222153   0.183753   -1.0        -0.417829    0.415164    0.0434053   -0.493957   -0.212127   -0.0871876    0.219245    -0.0822212    0.276767   -0.36466    -0.144316
  0.0771049   0.24441     0.106588    0.0185783  -1.0         0.0431066   0.104727    -0.194295   -0.405794   -0.456825     0.382298    -0.266722    -0.144682   -0.030095   -0.306788
 -0.0735343  -0.0549902  -0.479145   -0.181237    0.143474   -1.0         0.0576832   -0.198229    0.164985   -0.0821506   -0.208286    -0.32615     -0.332988    0.0862428   0.254156
  0.765015   -0.0119935  -0.199405    0.124869   -0.33889    -0.869846   -1.0         -0.587681   -0.570573   -0.0304291   -0.270796     0.291896     0.111286    0.0148557  -0.0719093
 -0.407343    0.180109    0.0724337  -0.134889   -0.617547   -0.208292   -0.396416    -1.0        -0.0422194  -0.121551     0.217173    -0.154391    -0.0634294   0.380388   -0.431226
 -0.147447   -0.300873   -0.0456288   0.10925     0.187599   -0.225989   -0.1216       0.40587    -1.0         0.703495    -0.00957258   0.318465    -0.0781508   0.771125   -0.690293
 -0.34815    -0.246809   -0.0673677  -0.187305   -0.268676   -0.68438    -0.171926    -0.289545    0.411463   -1.0         -0.318795     0.229631    -0.308288   -0.365557    0.0282842
 -0.0278863  -0.312276   -0.230921   -0.257125   -0.0314193  -0.70958    -0.0828092   -0.182804    0.300595   -0.104853    -1.0         -0.16867      0.61475    -0.319764   -0.378603
 -0.326223   -0.0397312  -0.604563    0.492386    0.271387   -0.396315   -0.308051    -0.651752   -0.314096   -0.130302    -0.102028    -1.0         -0.111763   -0.0742222  -0.440213
 -0.380048   -0.327792    0.347013    0.295451    0.0335582   0.020348    0.180446    -0.0131882  -0.162834    0.583842    -0.516824     0.636566    -1.0        -0.156156    0.523473
  0.200827   -0.323498    0.267931    0.11272    -0.665266   -0.166163   -0.127555    -0.500561   -0.3822      0.341413     0.0130492    0.00917862  -0.353215   -1.0        -0.21251
  0.267959   -0.482224    0.0707766  -0.273369   -0.0857692   0.0980542  -0.00474279  -0.0216754  -0.243278   -0.0109463   -0.0935487   -0.140757    -0.0292239   0.316589   -1.0

==================================
r vectors:
(T = 1)
15-element Vector{Float64}:
 2.546579338605534
 2.773888372533026
 2.043721937833392
 2.026812414255198
 1.9930998716869628
 2.312363794342133
 2.5217755198128713
 2.411568675045951
 2.2554977634900415
 2.052049754086336
 2.7308593581433995
 1.9998026581624675
 1.991362917087576
 2.280875975386154
 2.2449311676569828
