==================================
Setup:
N: 15
T: 1
add: 1.0
del: 3.0
nat: 0.1
temp: 5.0
Source: Generated
A parameters: Normal{Float64}(μ=-0.07498799915476266, σ=0.28535680382806683)
r parameters: Normal{Float64}(μ=2.2267028066467236, σ=0.3198115664893998)
portion: 1.0
scaling: 1.0

==================================
Statistics:
Proportion of candidate states: 0.401641845703125
Candidate states: 13161
Total states: 32768
Total candidate pairs evaluated: 1000
Total natural transitions: 19607

Path length diff avg: -0.525
Path length diff val: [5, -3, -6, 1, 0, -5, -1, -2, 3, -7, 4, 2, -10, -4]
Path length diff count: [2, 43, 4, 128, 498, 14, 160, 91, 5, 3, 1, 19, 1, 31]

Cost improvement avg: 4.4528
Cost improvement val: [1.7, 19.7, 9.6, 3.8, 8.8, 6.9, 7.8, 8.6, 6.8, 4.9, 14.8, 10.6, 10.9, 8.7, 2.3, 17.4, 12.8, 0.7, 9.8, 2.9, 7.9, 6.6, 12.5, 9.5, 3.6, 13.6, 1.9, 13.8, 11.8, 2.7, 0.0, 14.9, 8.9, 0.9, 0.8, 4.8, 2.8, 12.7, 7.6, 3.5, 3.9, 5.9, 20.8, 5.8, 15.8, 11.7, 3.7, 5.7, 7.7, 13.7, 12.6, 5.5, 1.8, 10.7, 4.7, 11.6, 6.7, 9.7, 11.9, 10.8, 14.7, 17.7]
Cost improvement count: [1, 1, 2, 22, 34, 1, 22, 5, 26, 36, 3, 1, 2, 9, 1, 1, 3, 6, 18, 195, 11, 4, 2, 2, 3, 1, 47, 1, 8, 3, 175, 1, 7, 13, 8, 43, 10, 3, 2, 1, 18, 72, 2, 61, 1, 5, 13, 6, 8, 3, 2, 2, 16, 8, 9, 2, 13, 12, 1, 10, 1, 1]

==================================
A matrices:
(T = 1)
15×15 Matrix{Float64}:
 -1.0         -0.0946186  -0.0666906   -0.0883776  -0.333219   -0.247772    -0.0925353   0.244147    0.021174     -0.0452967   0.239926   -0.169664   -0.536414   0.0449517   -0.137744
  0.245031    -1.0         0.526394     0.254684   -0.222061   -0.16909      0.169661    0.168542    0.19587       0.008439   -0.106143   -0.207878    0.516416  -0.0399204   -0.234608
  0.0266569    0.305291   -1.0         -0.348443    0.396094   -0.0401519   -0.804145   -0.238632   -0.0951675    -0.480138    0.0853492  -0.450759   -0.194688  -0.00870721  -0.0493131
  0.2373      -0.16868    -0.288455    -1.0        -0.625993   -0.357536    -0.0184133  -0.454505   -0.597467      0.0921611   0.233507   -0.0470406  -0.498308   0.258088    -0.0656737
 -0.540824    -0.0449906   0.0109215   -0.0622328  -1.0        -0.0336144    0.50467    -0.0509649  -0.216563      0.242909   -0.287209    0.129475    0.023379  -0.185397     0.0494543
  0.179003    -0.0637623   0.00353583   0.117092    0.241543   -1.0         -0.0628853  -0.225146   -0.0898893    -0.220761   -0.202196    0.417075   -0.385852  -0.096558    -0.163399
  0.0161193   -0.165615    0.183209     0.156144    0.035718   -0.27271     -1.0        -0.0678158  -0.564959     -0.116525    0.0357568   0.247499    0.102093   0.0683823   -0.152237
 -0.0229218   -0.530415   -0.475393    -0.068607    0.131625    0.295315    -0.451215   -1.0        -0.101752     -0.0719288  -0.154072   -0.208818    0.191325  -0.0470437    0.0373235
 -0.258189     0.44091    -0.0365987    0.100035   -0.258561    0.15514      0.0699318  -0.015528   -1.0           0.0663765  -0.166475   -0.350237   -0.456065   0.184562    -0.321475
 -0.00160575   0.212727    0.169219     0.0440783  -0.229384   -0.645585    -0.385341   -0.171716   -0.229983     -1.0        -0.468654   -0.173866    0.583883  -0.144031     0.0134682
  0.246869    -0.031986   -0.200042    -0.0425679   0.117604    0.0150792   -0.120324   -0.247181   -0.223268      0.0327148  -1.0        -0.460577   -0.205193  -0.067511     0.187626
  0.0103833   -0.476741   -0.356414    -0.0765727  -0.498499    0.258331    -0.113565    0.20859    -0.116153      0.0319638   0.481435   -1.0        -0.187804   0.103233    -0.0648209
  0.405209    -0.27909     0.574736    -0.286065   -0.487095   -0.00599015   0.08573     0.132386    0.000599846   0.176594   -0.384326    0.19016    -1.0       -0.600361    -0.312881
  0.00759093  -0.0899573  -0.424511    -0.281922    0.035321   -0.0943409   -0.0489888  -0.0148706  -0.0924431    -0.164686   -0.0313351  -0.344296    0.195141  -1.0         -0.129095
 -0.299362     0.156383    0.154803    -0.18435    -0.0637127  -0.193658    -0.358327   -0.243725   -0.412626      0.388614   -0.0493894   0.110483   -0.334698   0.0128622   -1.0

==================================
r vectors:
(T = 1)
15-element Vector{Float64}:
 2.1272341492542868
 2.379504452516798
 2.3615204414135933
 2.1136956227488195
 2.3877879950629297
 2.737737525935306
 2.7563575440546253
 2.4646679335605914
 2.29114468662248
 2.5594305686001775
 2.0793095283902248
 2.1830917775126206
 2.511969867784003
 2.7110978869351174
 2.581003976850142
