==================================
Setup:
N: 15
T: 1
add: 1.0
del: 3.0
nat: 0.1
temp: 5.0
Source: Generated
A parameters: Normal{Float64}(μ=-0.07498799915476266, σ=0.28535680382806683)
r parameters: Normal{Float64}(μ=2.2267028066467236, σ=0.3198115664893998)
portion: 1.0
scaling: 1.0

==================================
Statistics:
Proportion of candidate states: 0.22174072265625
Candidate states: 7266
Total states: 32768
Total candidate pairs evaluated: 1000
Total natural transitions: 25502

Path length diff avg: -0.734
Path length diff val: [-3, -6, 1, 0, -5, -1, -2, 3, 4, 2, -4]
Path length diff count: [78, 6, 118, 352, 12, 217, 112, 5, 2, 48, 50]

Cost improvement avg: 5.321800000000001
Cost improvement val: [17.8, 9.6, 3.8, 8.8, 6.9, 7.8, 6.8, 4.9, 14.8, 10.9, 9.9, 8.7, 12.8, 0.7, 9.8, 2.9, 7.9, 19.8, 15.9, 5.6, 13.6, 12.9, 1.9, 13.8, 11.8, 2.7, 0.0, 8.9, 0.9, 0.8, 4.8, 2.8, 12.7, 7.6, 3.9, 5.9, 5.8, 15.8, 21.7, 11.7, 3.7, 5.7, 7.7, 13.7, 1.8, 10.7, 4.7, 6.7, 15.7, 9.7, 11.9, 24.7, 16.8, 10.8, 14.7, 17.7]
Cost improvement count: [1, 2, 26, 43, 10, 44, 36, 55, 6, 4, 2, 9, 13, 1, 13, 119, 21, 1, 1, 1, 1, 4, 81, 9, 19, 5, 115, 27, 21, 13, 34, 14, 6, 1, 33, 65, 33, 3, 1, 7, 4, 8, 9, 3, 17, 4, 3, 12, 2, 8, 2, 1, 1, 22, 3, 1]

==================================
A matrices:
(T = 1)
15×15 Matrix{Float64}:
 -1.0          0.181626   -0.818781   -0.11538    -0.412282   -0.0991146  -0.204295   -0.402963    -0.0585743   0.180126   -0.0353251  -0.122553     0.112127    0.361079    -0.824218
 -0.0289024   -1.0        -0.168205   -0.111731   -0.337793   -0.162401   -0.0366101  -0.431062     0.1345      0.396552   -0.16424     0.112201    -0.19464    -0.064203     0.159623
  0.373633     0.231286   -1.0         0.166264   -0.099816    0.217909   -0.403679    0.136301     0.0608895  -0.253866    0.161259    0.00664879  -0.393603    0.101161    -0.11181
 -0.162876     0.0821909  -0.212984   -1.0         0.173835    0.629867    0.180548   -0.432557    -0.223582   -0.342849   -0.42726     0.175239     0.0384047  -0.0624153    0.437272
 -0.517539    -0.121697   -0.170154   -0.0854882  -1.0         0.0992483   0.191749   -0.146031    -0.244972    0.0200243   0.0733837   0.199506     0.115425    0.270755     0.405122
 -0.278801     0.268048    0.017174    0.157452   -0.517383   -1.0        -0.161279   -0.095918    -0.0791222  -0.252503   -0.17858     0.0874122   -0.107947    0.140389     0.0803957
  0.217682    -0.0304421  -0.269622    0.491695   -0.278707    0.0566676  -1.0        -0.444877    -0.293713    0.21253     0.0713816  -0.510421    -0.241935   -0.432502    -0.0531803
 -0.385604    -0.340397   -0.444729   -0.490428   -0.0175373  -0.359797    0.264003   -1.0          0.0511437  -0.109429   -0.0477804  -0.0768662   -0.193425   -0.543666     0.390211
  0.159475     0.313288   -0.0412631   0.115554   -0.417379   -0.598405   -0.0898169   0.00786797  -1.0        -0.119621    0.459807   -0.448089    -0.318316   -0.00434223  -0.393215
 -0.0765243    0.208882   -0.144274   -0.551333   -0.160944   -0.15629    -0.104048   -0.133087     0.309347   -1.0        -0.0524677  -0.524954     0.244327   -0.171692    -0.138507
  0.669922    -0.0758781   0.0402167  -0.224227   -0.10085     0.122462    0.355042    0.0890968   -0.257544   -0.121747   -1.0        -0.715345     0.128815   -0.132329    -0.0730152
  0.140888    -0.0764891  -0.905176   -0.189646   -0.282548    0.043682   -0.242245   -0.201937    -0.35571     0.10667     0.0916355  -1.0         -0.550108   -0.0950208   -0.64298
 -0.00408614   0.464472   -0.518044    0.0858152  -0.585988   -0.18104     0.163782    0.430183     0.107889   -0.36614    -0.300459   -0.0764646   -1.0         0.0170463    0.462447
  0.0697523   -0.0187935  -0.293826   -0.253819   -0.240545    0.0931793  -0.370113   -0.308372    -0.38683    -0.194388    0.48627     0.133524    -0.156539   -1.0         -0.534627
  0.396061    -0.841666    0.0524842  -0.374989    0.11889    -0.0341773  -0.454872   -0.27354     -0.595842   -0.333902    0.0346588   0.323013     0.168516    0.183861    -1.0

==================================
r vectors:
(T = 1)
15-element Vector{Float64}:
 2.1249747750338295
 2.331685973647594
 2.56606701971228
 2.908095345863668
 2.0577516408081387
 2.451851640380699
 2.3230468741756303
 1.6408795108291958
 2.250057818806179
 2.207239254196782
 2.37421863843198
 1.5471702852294702
 2.633932598060109
 2.269245059918182
 1.7302944332374266
