==================================
Setup:
N: 15
T: 1
add: 1.0
del: 3.0
nat: 0.1
temp: 5.0
Source: Generated
A parameters: Normal{Float64}(μ=-0.07498799915476266, σ=0.28535680382806683)
r parameters: Normal{Float64}(μ=2.2267028066467236, σ=0.3198115664893998)
portion: 1.0
scaling: 1.0

==================================
Statistics:
Proportion of candidate states: 0.263092041015625
Candidate states: 8621
Total states: 32768
Total candidate pairs evaluated: 1000
Total natural transitions: 24141

Path length diff avg: -0.869
Path length diff val: [-3, -6, 1, 0, -5, -1, -2, 3, -8, -7, 2, -4]
Path length diff count: [88, 7, 107, 343, 19, 191, 151, 7, 1, 1, 42, 43]

Cost improvement avg: 5.480999999999998
Cost improvement val: [1.7, 17.8, 3.8, 8.8, 6.9, 7.8, 8.6, 6.8, 4.9, 14.8, 10.6, 10.9, 9.9, 8.7, 12.8, 0.7, 9.8, 2.9, 7.9, 6.6, 5.6, 12.9, 1.9, 13.8, 11.8, 2.7, 0.0, 8.9, 0.9, 0.8, 4.8, 2.8, 12.7, 7.6, 3.9, 5.9, 5.8, 15.8, 11.7, 3.7, 5.7, 7.7, 13.7, 1.8, 10.7, 4.7, 11.6, 6.7, 18.7, 19.6, 15.7, 9.7, 11.9, 13.9, 1.6, 16.8, 10.8, 14.7, 17.7]
Cost improvement count: [1, 1, 32, 29, 20, 48, 1, 29, 35, 5, 1, 5, 12, 9, 9, 2, 20, 132, 15, 1, 1, 5, 57, 13, 26, 3, 110, 23, 22, 9, 46, 15, 5, 2, 38, 79, 38, 4, 3, 5, 4, 10, 2, 9, 6, 2, 1, 6, 1, 1, 1, 7, 6, 1, 1, 1, 25, 4, 1]

==================================
A matrices:
(T = 1)
15×15 Matrix{Float64}:
 -1.0          0.18491     0.0131636    0.0499819  -0.296261    0.149392    -0.135994   -0.171287   -0.105212     0.27393     0.442233   -0.0764995  -0.297971    0.151315    0.081217
 -0.13626     -1.0         0.67224      0.0745691   0.0752343  -0.209866    -0.0132454   0.0825399   0.12518      0.263578   -0.0201819  -0.148289   -0.135237    0.227697    0.231359
  0.109144     0.2742     -1.0         -0.132335    0.0563899   0.4859      -0.378919   -0.0558597  -0.132652     0.331216    0.264938    0.302185   -0.370174    0.103854   -0.279003
 -0.0323874   -0.512242   -0.44541     -1.0         0.141625   -0.172774     0.206857   -0.626278   -0.344409    -0.0761212   0.439302   -0.666071   -0.430182   -0.172617   -0.557679
 -0.0614467    0.10446     0.0467358    0.100124   -1.0        -0.0386474   -0.33104     0.0282395   0.559752    -0.260789    0.0604009  -0.390047    0.45559     0.374786   -0.398566
  0.233493     0.580893   -0.345489     0.0104459   0.182514   -1.0         -0.188008    0.175007   -0.00102241  -0.334782    0.294755    0.0284295  -0.0485133   0.0230073  -0.0446129
 -0.0627024   -0.149349    0.00438708   0.47561    -0.0037709   0.150716    -1.0        -0.055162    0.526448     0.0197469  -0.444878    0.0228981   0.0812146  -0.0584132  -0.502432
  0.0631329   -0.0584352  -0.0584832   -0.459283   -0.107565    0.207226    -0.300352   -1.0         0.226518    -0.193603    0.0887738   0.298614   -0.439314   -0.0158916   0.300957
  0.206432    -0.0508796   0.0518834    0.118186   -0.156281   -0.313876    -0.0255792  -0.0198181  -1.0          0.102261    0.367126    0.0678706  -0.0778703   0.300395   -0.155588
  0.0887297    0.0978289   0.202582    -0.0930024  -0.401393    0.0582905   -0.118393    0.0309484  -0.20845     -1.0         0.0960064  -0.428702    0.374637   -0.352958   -0.115139
 -0.782119     0.484946    0.225678    -0.0855835  -0.603075   -0.440938     0.103971    0.149393    0.10932      0.11109    -1.0        -0.341348   -0.0618463  -0.772793    0.117676
  0.0955065    0.446548    0.176828    -0.189906   -0.248433    0.0136017   -0.0816447   0.106573   -0.235127     0.229947   -0.394411   -1.0        -0.437182    0.209346   -0.670019
 -0.0744489   -0.24267    -0.385046     0.186497   -0.137015   -0.0492439   -0.377784   -0.327664   -0.0213656   -0.514853   -0.232136    0.0838228  -1.0        -0.858294    0.204858
  0.00121935   0.276008   -0.294603     0.0606853   0.350489   -0.00962938   0.139585   -0.214656    0.14563      0.348771   -0.113798   -0.184369    0.239549   -1.0        -0.105002
  0.035626     0.0577443   0.0687067    0.0524517  -0.713672    0.18559     -0.107809   -0.547282    0.253346    -0.142741   -0.503557   -0.2421      0.15978     0.588278   -1.0

==================================
r vectors:
(T = 1)
15-element Vector{Float64}:
 2.0174306555476837
 2.1502712340694945
 1.895505501429223
 2.3893495881081965
 2.568007758185003
 2.506210834500539
 2.462073406941557
 2.3438956121116497
 1.6942333518709
 2.461007297816148
 2.428832820240643
 2.26563107257401
 1.8785710657393548
 2.6349757665783726
 2.602837757089514
