==================================
Setup:
N: 15
T: 1
add: 1.0
del: 3.0
nat: 0.1
temp: 5.0
Source: Generated
A parameters: Normal{Float64}(μ=-0.07498799915476266, σ=0.28535680382806683)
r parameters: Normal{Float64}(μ=2.2267028066467236, σ=0.3198115664893998)
portion: 1.0
scaling: 1.0

==================================
Statistics:
Proportion of candidate states: 0.26361083984375
Candidate states: 8638
Total states: 32768
Total candidate pairs evaluated: 1000
Total natural transitions: 24113

Path length diff avg: -0.786
Path length diff val: [-3, -6, 1, 0, -5, -1, -2, 3, -7, 4, 2, -4]
Path length diff count: [88, 7, 116, 378, 22, 164, 130, 13, 1, 1, 37, 43]

Cost improvement avg: 5.355099999999999
Cost improvement val: [1.7, 15.4, 17.8, 9.6, 3.8, 8.8, 6.9, 7.8, 8.6, 6.8, 8.5, 4.9, 14.8, 10.6, 10.9, 9.9, 8.7, 15.6, 12.8, 9.8, 2.9, 7.9, 4.6, 13.6, 1.9, 11.8, 2.7, 0.0, 14.9, 8.9, 0.9, 0.8, 4.8, 2.8, 12.7, 7.6, 3.9, 16.7, 5.9, 5.8, 11.7, 3.7, 18.8, 5.7, 7.7, 13.7, 1.8, 10.7, 4.7, 6.7, 15.7, 9.7, 11.9, 13.9, 16.8, 10.8, 14.7]
Cost improvement count: [1, 1, 4, 2, 29, 33, 8, 35, 2, 41, 1, 24, 5, 1, 7, 5, 12, 1, 10, 25, 152, 13, 1, 2, 43, 22, 5, 127, 1, 21, 17, 11, 42, 22, 4, 1, 28, 1, 61, 56, 13, 10, 1, 7, 6, 1, 12, 6, 6, 10, 6, 6, 8, 4, 1, 22, 4]

==================================
A matrices:
(T = 1)
15×15 Matrix{Float64}:
 -1.0        -0.188427     0.399694    0.0719783  -0.115382   -0.130385    0.207563    0.0903404   0.351765     0.168481   -0.100441  -0.393456    -0.03856     -0.306104     0.0530965
 -0.0616776  -1.0         -0.234234   -0.217447   -0.147698    0.0244556  -0.706373   -0.114996   -0.00244604   0.0372919  -0.651664  -0.265931    -0.255156    -0.207733    -0.34436
  0.191411   -0.209362    -1.0         0.245472   -0.0605527  -0.0767958  -0.162957    0.167799   -0.338297    -0.203446   -0.310739   0.231886    -0.0640178    0.353308    -0.103401
 -0.205529   -1.14065     -0.0599009  -1.0        -0.171553    0.241347   -0.0257186   0.109728   -0.275188     0.258217   -0.364661   0.00793236  -0.552262     0.0609063    0.171491
  0.104069   -0.00557931   0.160902   -0.456872   -1.0        -0.0559101  -0.112967   -0.514922    0.111394    -0.281192    0.3499    -0.531735     0.115715     0.354244    -0.0198602
  0.010498   -0.204891     0.104341   -0.123271   -0.189142   -1.0         0.464533   -0.0745546  -0.104452    -0.290427   -0.317715   0.404952    -0.135411    -0.384051    -0.0292955
  0.199234   -0.487404     0.227605    0.2103     -0.133414    0.157704   -1.0         0.209551   -0.174996    -0.671399   -0.135661  -0.410095    -0.0347503   -0.507271    -0.00809356
 -0.369622    0.192909    -0.174377   -0.401685    0.219116   -0.509297    0.15332    -1.0         0.240867    -0.138187   -0.133299   0.147441     0.421952    -0.55171     -0.0311666
  0.0949093   0.104886     0.283696   -0.116211   -0.0407959  -0.333693    0.171442   -0.503465   -1.0         -0.110521    0.303959   0.13855     -0.163475     0.48972     -0.0385132
 -0.120431    0.0147961   -0.336682    0.0785909   0.117226    0.341109   -0.0180664   0.43386     0.136101    -1.0         0.242414  -0.322532    -0.139706    -0.336707    -0.0204003
  0.294043   -0.204915    -0.211783   -0.298128   -0.292737    0.386078    0.161342    0.293119    0.138105    -0.142662   -1.0       -0.111847    -0.540135    -0.462038     0.481564
 -0.0371398  -0.167865    -0.665838    0.093885    0.158171   -0.20885     0.411334    0.206386   -0.278742    -0.73862    -0.193779  -1.0          0.0831527   -0.284927    -0.434359
 -0.130401   -0.185913    -0.447063    0.524856   -0.0437044   0.0452681  -0.290879   -0.310543    0.186661    -0.210913   -0.461663  -0.0654637   -1.0         -0.139587    -0.213764
  0.146687   -0.277622    -0.401997   -0.300341    0.259873   -0.146504   -0.524395   -0.507906    0.0545578    0.0321275  -0.373879  -0.027577     0.00976125  -1.0         -0.194442
 -0.299401   -0.0908424    0.116875    0.266299   -0.0806765  -0.125133   -0.187283   -0.0111541   0.57054     -0.395564   -0.146694  -0.712871    -0.164806     0.00581115  -1.0

==================================
r vectors:
(T = 1)
15-element Vector{Float64}:
 2.082801109495088
 2.1661912330367477
 1.8075282384785065
 1.537471969692625
 2.6836587507770977
 2.6515516838406703
 2.6016625879995243
 2.4856436635004866
 2.332925722766228
 2.4203042004020747
 2.8510692104727284
 2.261942189831497
 1.8160642457345182
 1.9810539119614694
 2.360996919966003
