==================================
Setup:
N: 15
T: 1
add: 1.0
del: 3.0
nat: 0.1
temp: 5.0
Source: Generated
A parameters: Normal{Float64}(μ=-0.07498799915476266, σ=0.28535680382806683)
r parameters: Normal{Float64}(μ=2.2267028066467236, σ=0.3198115664893998)
portion: 1.0
scaling: 1.0

==================================
Statistics:
Proportion of candidate states: 0.247894287109375
Candidate states: 8123
Total states: 32768
Total candidate pairs evaluated: 1000
Total natural transitions: 24614

Path length diff avg: -0.495
Path length diff val: [5, -3, -6, 1, 0, -5, -1, -2, 3, 4, 2, -4]
Path length diff count: [1, 64, 2, 151, 370, 14, 198, 106, 13, 3, 49, 29]

Cost improvement avg: 6.016100000000001
Cost improvement val: [1.7, 19.7, 17.8, 3.8, 8.8, 6.9, 7.8, 8.6, 6.8, 4.9, 14.8, 10.6, 10.9, 9.9, 8.7, 12.8, 9.8, 2.9, 7.9, 4.6, 1.9, 13.8, 11.8, 2.7, 0.0, 14.9, 8.9, 0.9, 4.8, 2.8, 12.7, 7.6, 3.9, 16.7, 5.9, 20.8, 5.8, 15.8, 11.7, 3.7, 5.7, 7.7, 13.7, 1.8, 10.7, 4.7, 11.6, 6.7, 15.7, 9.7, 11.9, 16.8, 10.8, 14.7, 17.7]
Cost improvement count: [1, 1, 5, 28, 43, 23, 29, 2, 39, 40, 9, 2, 7, 10, 13, 15, 22, 111, 33, 1, 50, 6, 28, 1, 102, 1, 31, 9, 42, 14, 5, 3, 37, 1, 67, 1, 52, 3, 6, 6, 4, 10, 3, 8, 13, 5, 1, 10, 4, 6, 8, 4, 22, 2, 1]

==================================
A matrices:
(T = 1)
15×15 Matrix{Float64}:
 -1.0         0.00597699  -0.904537    0.0778958    -0.119175    0.101229      0.209968   -0.23311    -0.268366    0.0248243   0.0878737  -0.0576548  -0.154521   -0.217892     -0.605871
 -0.0240242  -1.0         -0.427476   -0.224642      0.0114379  -0.217906      0.466391   -0.0924023  -0.358773   -0.245736   -0.570341   -0.197304    0.0514036   0.251995      0.0775994
  0.031846    0.264166    -1.0         0.256437     -0.387711   -0.146367     -0.0314527   0.390349    0.211434   -0.148468   -0.0390481  -0.776182   -0.287446   -0.815219      0.551306
 -0.059817   -0.0335381   -0.0944154  -1.0           0.0643289  -0.251401     -0.149884    0.28611    -0.213881    0.169226   -0.35114    -0.264646    0.0730685   0.211582     -0.576836
 -0.619542    0.288607    -0.329227   -0.149297     -1.0         0.0258932     0.0533166   0.234221   -0.543474    0.111103    0.227419    0.100458   -0.15908    -0.551567     -0.193742
 -0.412694    0.00329117  -0.228761    0.250019      0.0361655  -1.0          -0.287072    0.324846   -0.424862   -0.496003    0.11215    -0.0350977  -0.247246    0.768918     -1.00769
 -0.545615   -0.0776439    0.27556    -0.146454     -0.0928515   0.0530357    -1.0         0.152695   -0.784961    0.130869   -0.342506    0.0215288  -0.118314    0.589515      0.165768
 -0.414625    0.368281    -0.0186387   0.000668152   0.0245331  -0.184167     -0.393279   -1.0        -0.276112   -0.0976252   0.177637   -0.162497   -0.328269   -0.349202     -0.295284
  0.206733   -0.265733    -0.0665489  -0.100966      0.266427    0.135255     -0.0863869  -0.407723   -1.0        -0.127143    0.414078   -0.336285   -0.278607   -0.257317     -0.0117446
 -0.617852   -0.203285     0.214542   -0.289335      0.117544   -0.213196     -0.480248   -0.12936    -0.121822   -1.0        -0.154202   -0.135683   -0.310258    0.000805202  -0.208975
 -0.307064   -0.287245    -0.206607    0.698717     -0.204681    0.0687374    -0.0881535  -0.16421    -0.113295   -0.514527   -1.0         0.270331    0.2733     -0.157399     -0.202164
 -0.481321   -0.260392     0.224672   -0.768708      0.202087    0.000762375  -0.175263   -0.541436   -0.0172415  -0.322436    0.0961117  -1.0        -0.323996   -0.108227     -0.423845
 -0.0569557  -0.0977956   -0.103738   -0.636807     -0.262583    0.194744      0.092905    0.106097    0.183683   -0.608045   -0.0465817  -0.548074   -1.0        -0.287059     -0.233107
 -0.251073    0.0251859    0.016498    0.229646     -0.154242   -0.149078      0.301183   -0.0354691  -0.181317   -0.0152844   0.238192    0.0628117   0.42433    -1.0          -0.251301
 -0.0184368   0.123742     0.0305214  -0.166639     -0.306375   -0.372957      0.539761   -0.206984   -0.160591    0.325413   -0.313189   -0.0920975   0.148959    0.0167036    -1.0

==================================
r vectors:
(T = 1)
15-element Vector{Float64}:
 2.367027617329694
 2.64785233458776
 2.293132948849921
 2.198238841240673
 1.3620603252941663
 2.2457497630378
 1.969629074788281
 2.8308933426156546
 3.070438153916247
 2.6985396915580004
 2.2878757065088546
 2.2615545314498373
 2.6267933285848235
 2.324569670892619
 2.3352455113208266
