==================================
Setup:
N: 15
T: 1
add: 1.0
del: 3.0
nat: 0.1
temp: 5.0
Source: Generated
A parameters: Normal{Float64}(μ=-0.07498799915476266, σ=0.28535680382806683)
r parameters: Normal{Float64}(μ=2.2267028066467236, σ=0.3198115664893998)
portion: 1.0
scaling: 1.0

==================================
Statistics:
Proportion of candidate states: 0.160430908203125
Candidate states: 5257
Total states: 32768
Total candidate pairs evaluated: 1000
Total natural transitions: 27413

Path length diff avg: -0.378
Path length diff val: [-3, -6, 1, 0, -5, -1, -2, 3, 4, 2, -4]
Path length diff count: [46, 2, 150, 327, 3, 218, 134, 17, 5, 74, 24]

Cost improvement avg: 6.1315
Cost improvement val: [17.8, 3.8, 8.8, 6.9, 7.8, 6.8, 4.9, 14.8, 10.9, 9.9, 8.7, 12.8, 9.8, 2.9, 7.9, 19.8, 4.6, 1.9, 13.8, 11.8, 2.7, 0.0, 14.9, 8.9, 0.9, 0.8, 4.8, 2.8, 7.6, 3.9, 5.9, 5.8, 15.8, 11.7, 3.7, 5.7, 7.7, 13.7, 1.8, 10.7, 4.7, 6.7, 15.7, 9.7, 11.9, 13.9, 16.8, 10.8, 14.7, 17.7]
Cost improvement count: [1, 22, 44, 20, 40, 37, 49, 5, 12, 8, 7, 11, 37, 100, 40, 1, 1, 47, 15, 28, 3, 73, 4, 36, 33, 3, 36, 11, 1, 52, 69, 48, 5, 7, 2, 3, 6, 7, 12, 9, 3, 5, 1, 2, 8, 4, 5, 23, 2, 2]

==================================
A matrices:
(T = 1)
15×15 Matrix{Float64}:
 -1.0        -0.352502    0.345242    0.0603824   0.119007   -0.908671   -0.0240581   -0.103935    -0.330124   -0.0699642  -0.676622    0.0741983   0.256667   -0.162591    0.35539
  0.183637   -1.0         0.133044    0.615122    0.215136    0.102729   -0.0190538   -0.319626     0.194547   -0.876473    0.320059   -0.0639432  -0.0375278   0.116618   -0.342838
  0.0814962  -0.0887334  -1.0         0.115817    0.126357    0.0274052   0.00106271  -0.845846     0.202404    0.0624082  -0.0550517   0.0808532  -0.574797   -0.200612    0.430634
  0.308905   -0.325204   -0.16047    -1.0        -0.030686    0.230317   -0.267038     0.639677    -0.0648177  -0.120449   -0.345051    0.331004    0.416218   -0.165403   -0.243566
  0.115102    0.148228   -0.271435    0.216126   -1.0         0.107035   -0.285975    -0.0194463   -0.232742   -0.355063    0.0138969  -0.190492   -0.259812    0.126484    0.128855
 -0.516508   -0.600069   -0.415201   -0.128007    0.310797   -1.0         0.226712    -0.0412094   -0.152554   -0.0992928  -0.164916   -0.867855    0.268228    0.0659831  -0.151656
 -0.288053   -0.805055   -0.421234    0.170139   -0.546512   -0.129732   -1.0         -0.00845153  -0.186731   -0.374416   -0.509444   -0.310591    0.104823   -0.724164   -0.119277
 -0.249697   -0.114248   -0.122717    0.178183    0.141479    0.267403   -0.288248    -1.0         -0.452746   -0.200925   -0.244296   -0.0966027  -0.227427   -0.119609   -0.499642
 -0.288109    0.0203372  -0.125789   -0.233476   -0.0797971  -0.191789   -0.146046     0.0441257   -1.0        -0.154461    0.437966   -0.18026     0.511691    0.128841    0.585043
  0.615134   -0.358132    0.389047   -0.193835   -0.0988444  -0.181096   -0.0419626   -0.325554    -0.279919   -1.0        -0.55557     0.318041   -0.323853    0.0296545   0.202707
 -0.248516    0.305121   -0.641692   -0.165647   -0.0902872  -0.515549    0.0684609   -0.0117637    0.277465   -0.12733    -1.0         0.147659   -0.124217    0.255978   -0.0399345
 -0.0886934   0.1651     -0.288911    0.0466191  -0.260521   -0.0652736   0.32315      0.140461    -0.190378    0.147869    0.199567   -1.0        -0.245897    0.203574    0.112788
 -0.113955   -0.260593   -0.267418   -0.393713    0.425749    0.158421    0.150574     0.0243067   -0.0591383  -0.0539933   0.0133958   0.359984   -1.0         0.0153951   0.337066
 -0.0294116  -0.348067   -0.0200495  -0.336798   -0.209539   -0.109581   -0.131678    -0.56489      0.260684   -0.411599   -0.247963   -0.172185   -0.209085   -1.0        -0.325385
 -0.0134562  -0.200842    0.14266     0.0395577  -0.749702    0.22066     0.264107    -0.172275     0.621418    0.132388   -0.301877   -0.0505194  -0.34405    -0.46559    -1.0

==================================
r vectors:
(T = 1)
15-element Vector{Float64}:
 2.9930235723468703
 2.3077243974067385
 2.019480295652788
 2.13061592534862
 2.149613719522368
 2.1481298151792676
 2.1491458127044116
 2.088114037772533
 2.1685464613331447
 1.9397405078590575
 1.9701341325622401
 2.023373811093321
 2.373253356344849
 2.050856024794286
 2.2212704260609724
