==================================
Setup:
N: 15
T: 1
add: 1.0
del: 3.0
nat: 0.1
temp: 5.0
Source: Generated
A parameters: Normal{Float64}(μ=-0.07498799915476266, σ=0.28535680382806683)
r parameters: Normal{Float64}(μ=2.2267028066467236, σ=0.3198115664893998)
portion: 1.0
scaling: 1.0

==================================
Statistics:
Proportion of candidate states: 0.17449951171875
Candidate states: 5718
Total states: 32768
Total candidate pairs evaluated: 1000
Total natural transitions: 27045

Path length diff avg: -0.623
Path length diff val: [-3, -6, 1, 0, -5, -1, -2, 3, -8, -7, 2, -4]
Path length diff count: [43, 9, 139, 402, 16, 197, 111, 4, 1, 2, 39, 37]

Cost improvement avg: 4.8721999999999985
Cost improvement val: [9.6, 3.8, 8.8, 6.9, 7.8, 8.6, 6.8, 4.9, 14.8, 10.6, 10.9, 9.9, 8.7, 12.8, 0.7, 9.8, 2.9, 7.9, 4.6, 3.6, 1.9, 13.8, 11.8, 2.7, 0.0, 8.9, 0.9, 0.8, 4.8, 2.8, 12.7, 7.6, 3.9, 2.6, 16.7, 5.9, 5.8, 15.8, 11.7, 3.7, 5.7, 7.7, 13.7, 1.8, 10.7, 4.7, 6.7, 15.7, 9.7, 11.9, 5.4, 10.8, 14.7, 0.6]
Cost improvement count: [1, 33, 31, 16, 33, 1, 31, 27, 2, 1, 4, 4, 8, 5, 2, 21, 154, 17, 1, 1, 62, 5, 14, 5, 134, 21, 19, 6, 50, 12, 6, 3, 21, 1, 2, 95, 40, 1, 8, 10, 2, 15, 2, 22, 8, 6, 7, 2, 6, 2, 1, 13, 5, 1]

==================================
A matrices:
(T = 1)
15×15 Matrix{Float64}:
 -1.0         0.091065   -0.399496    -0.596555     0.630714     -0.430709   -0.00816828   0.159971   -0.00260007   0.204052    0.290522   -0.133953    0.0977711   -0.0835437  -0.34413
  0.154252   -1.0        -0.00765117  -0.209696    -0.562113     -0.337153   -0.51409     -0.329978    0.243789     0.0863011   0.0980029  -0.183123   -0.0448457   -0.284553    0.0885072
 -0.431234    0.128282   -1.0         -0.349587    -0.346693     -0.097992    0.402586    -0.305802   -0.510537    -0.829034   -0.205572   -0.396878   -0.0196734   -0.617293   -0.445441
 -0.485723    0.140652    0.169081    -1.0         -0.000314059  -0.390457   -0.456263    -0.783694   -0.151625    -0.207693    0.154244    0.207187   -0.302529    -0.235028    0.446677
 -0.412407    0.276315    0.235015    -0.00048531  -1.0          -0.390585   -0.094067    -0.473287   -0.316204    -0.152448    0.159633    0.200391    0.392067     0.0838844   0.0881993
  0.250437   -1.05158    -0.221892     0.414999     0.176413     -1.0         0.114042     0.172598    0.155346    -0.426648    0.0441111   0.300658    0.00158655  -0.0241393  -0.26522
 -0.394493    0.43542    -0.340924    -0.20635      0.109127     -0.100314   -1.0          0.144297    0.101711     0.0417985   0.141363   -0.350848    0.141174    -0.386443   -0.669007
 -0.733753    0.335127   -0.444495    -0.05633     -0.0463811    -0.189812    0.0840076   -1.0         0.00916693  -0.507801   -0.241516   -0.147534   -0.1433       0.605945   -0.185378
  0.36079     0.300983    0.452058    -0.0664187   -0.206621      0.233119   -0.676636    -0.242088   -1.0          0.325754    0.255315    0.178591   -0.262617    -0.0322631  -0.00742094
 -0.0449899   0.314583    0.019246    -0.69711     -0.0343302    -0.305172    0.199632     0.0130205  -0.369687    -1.0         0.240935   -0.658653    0.00575488  -0.299915   -0.149309
  0.0120579  -0.211712    0.0370743   -0.323674    -0.20264       0.0469974   0.00983034  -0.0951628  -0.0524824   -0.384737   -1.0        -0.305813    0.118316     0.194549   -0.155148
 -0.0974998   0.0687507  -0.306569    -0.0380457   -0.159221      0.0785009  -0.0719609   -0.400108    0.53156     -0.131342    0.327214   -1.0        -0.233734     0.216247    0.190301
 -0.474991    0.226081    0.243967     0.077493    -0.302277      0.0123665  -0.00845381   0.102381   -0.0328729   -0.286052   -0.148761   -0.146826   -1.0         -0.103937    0.169774
 -0.11154     0.147905    0.105255    -0.0565649   -0.974794     -0.353491   -0.157043     0.0315452  -0.190468    -0.221854   -0.461181    0.0613504   0.107348    -1.0        -0.207363
 -0.497801   -0.285227   -0.253958    -0.301543     0.282287      0.175149   -0.193307     0.0251879  -0.383388    -0.273165    0.0226958  -0.396519   -0.216703     0.0625643  -1.0

==================================
r vectors:
(T = 1)
15-element Vector{Float64}:
 2.5893986057468683
 1.8701029700837768
 1.7126417189896976
 1.9573557058038842
 2.3221255645446575
 2.0424632923541344
 2.108082367190102
 2.1321954160288468
 3.203614783749594
 1.8090127400691283
 2.4868940898572096
 2.3211666592713174
 2.528474863041957
 2.228804249653158
 2.1639782975475415
