==================================
Setup:
N: 15
T: 1
add: 1.0
del: 3.0
nat: 0.1
temp: 5.0
Source: Generated
A parameters: Normal{Float64}(μ=-0.07498799915476266, σ=0.28535680382806683)
r parameters: Normal{Float64}(μ=2.2267028066467236, σ=0.3198115664893998)
portion: 1.0
scaling: 1.0

==================================
Statistics:
Proportion of candidate states: 0.247161865234375
Candidate states: 8099
Total states: 32768
Total candidate pairs evaluated: 1000
Total natural transitions: 24660

Path length diff avg: -0.539
Path length diff val: [5, -3, -6, 1, 0, -5, -1, -2, 3, 4, 2, -4]
Path length diff count: [1, 54, 6, 144, 422, 15, 166, 113, 9, 4, 33, 33]

Cost improvement avg: 5.284199999999998
Cost improvement val: [1.7, 17.8, 3.8, 8.8, 6.9, 7.8, 6.8, 8.5, 4.9, 14.8, 10.9, 9.9, 8.7, 15.6, 12.8, 0.7, 9.8, 2.9, 7.9, 6.6, 14.6, 5.6, 3.6, 13.6, 1.9, 17.6, 13.8, 17.9, 11.8, 2.7, 0.0, 14.9, 8.9, 0.9, 0.8, 4.8, 2.8, 12.7, 7.6, 3.9, 16.7, 5.9, 5.8, 15.8, 11.7, 3.7, 5.7, 7.7, 13.7, 12.6, 1.8, 10.7, 4.7, 11.6, 6.7, 15.7, 9.7, 11.9, 13.9, 10.8, 14.7]
Cost improvement count: [1, 1, 40, 39, 14, 37, 27, 1, 45, 4, 3, 5, 14, 1, 8, 1, 23, 155, 12, 1, 1, 1, 1, 1, 51, 1, 3, 1, 17, 3, 111, 3, 18, 14, 13, 34, 9, 2, 2, 18, 1, 88, 46, 2, 7, 15, 5, 16, 6, 1, 12, 11, 9, 1, 12, 2, 9, 6, 1, 9, 5]

==================================
A matrices:
(T = 1)
15×15 Matrix{Float64}:
 -1.0          -0.0141276    0.295195    0.0616475  -0.487237   -0.229392   -0.013509   -0.0996005   -0.588647     0.114187     0.258286    -0.188327    0.151263   -0.456461    0.0333489
 -0.000546647  -1.0         -0.537026   -0.0067114  -0.267135    0.39748    -0.379834    0.0674738    0.168108     0.0322041   -0.175579    -0.266236    0.0851386  -0.386096   -0.0926737
 -0.14588      -0.19438     -1.0         0.0533439   0.150294   -0.180985   -0.173495   -0.336822    -0.256935     0.00465866  -0.710746     0.19832    -0.232051    0.425541    0.0679447
  0.248641      0.146819     0.0159829  -1.0         0.479877   -0.0182551   0.210186    0.349032     0.514869     0.434478    -0.224078    -0.485171   -0.0635458  -0.0826787  -0.00752757
 -0.524307     -0.0585873   -0.300729    0.112963   -1.0         0.17652    -0.0674126  -0.220988    -0.249342     0.21656     -0.257411     0.308021   -0.292023    0.305278   -0.19188
 -0.331779     -0.223564     0.0511805  -0.0049685  -0.44262    -1.0         0.13406    -0.46167     -0.519221    -0.561199    -0.120115    -0.191914   -0.218069   -0.0422412   0.516565
 -0.23588       0.258172    -0.363339   -0.418179   -0.0392123  -0.493951   -1.0        -0.189193    -0.156259     0.196604    -0.0189092    0.150933   -0.0257976   0.150891   -0.148439
 -0.368325      0.00555147   0.0636838  -0.0894784  -0.0335883   0.70011     0.311375   -1.0          0.00333784   0.110136    -0.175647    -0.337622   -0.0737175  -0.43636    -0.169699
 -0.0934305     0.872687    -0.0544409  -0.285055    0.165786   -0.142421   -0.676576    0.138318    -1.0          0.186106     0.201343     0.0493025  -0.164557    0.110521   -0.139638
  0.0413016    -0.0347263   -0.430114   -0.358878   -0.0931977   0.184832    0.200635   -0.00751251   0.123078    -1.0         -0.00247857  -0.321352    0.199156   -0.29664    -0.238979
  0.327986     -0.442233     0.133941   -0.154227   -0.166697   -0.124858   -0.0653428   0.0754168   -0.551888    -0.302347    -1.0          0.628557   -0.394482   -0.0499414  -0.0460848
  0.113933     -0.599491    -0.389861   -0.201972   -0.17541    -0.19249     0.238349   -0.00131773  -0.115706    -0.199967     0.166355    -1.0        -0.120852   -0.236685    0.389857
 -0.163802     -0.518882     0.473851    0.203998    0.116718   -0.19875    -0.0896894  -0.312798    -0.198891     0.0389113    0.158291    -0.410383   -1.0        -0.653132   -0.244567
 -0.0469362     0.238345     0.318108   -0.301795   -0.67584    -0.165213   -0.188031   -0.459053     0.353777     0.144356    -0.282078    -0.162822   -0.623555   -1.0        -0.372629
  0.172807      0.108695    -0.6079      0.167184   -0.0327539   0.245201    0.10865    -0.478874     0.148659     0.19879      0.77046     -0.262307   -0.120815   -0.166271   -1.0

==================================
r vectors:
(T = 1)
15-element Vector{Float64}:
 1.9167369599151796
 2.1589811089885687
 2.002140211163539
 2.244619918594013
 2.3404498177384636
 1.2861114960278597
 1.8082259960018556
 2.7148158378817806
 2.095837430806568
 2.162145013045161
 2.7622471234655626
 2.463879442299067
 2.1304149257989673
 2.0554890092075144
 2.7096407565002405
