==================================
Setup:
N: 15
T: 1
add: 1.0
del: 3.0
nat: 0.1
temp: 5.0
Source: Generated
A parameters: Normal{Float64}(μ=-0.07498799915476266, σ=0.28535680382806683)
r parameters: Normal{Float64}(μ=2.2267028066467236, σ=0.3198115664893998)
portion: 1.0
scaling: 1.0

==================================
Statistics:
Proportion of candidate states: 0.295379638671875
Candidate states: 9679
Total states: 32768
Total candidate pairs evaluated: 1000
Total natural transitions: 23089

Path length diff avg: -0.262
Path length diff val: [0, -5, -1, 2, -7, -3, -2, -4, 3, 1]
Path length diff count: [475, 3, 167, 45, 1, 45, 87, 9, 7, 161]

Cost improvement avg: 4.5914
Cost improvement val: [1.7, 9.6, 3.8, 8.8, 6.9, 7.8, 6.8, 4.9, 14.8, 10.9, 9.9, 8.7, 12.8, 9.8, 2.9, 7.9, 15.5, 6.6, 4.6, 1.9, 13.8, 11.8, 0.0, 8.9, 0.9, 0.8, 4.8, 2.8, 12.7, 3.9, 5.9, 5.8, 15.8, 11.7, 3.7, 5.7, 7.7, 13.7, 12.6, 1.8, 10.7, 4.7, 11.6, 6.7, 15.7, 9.7, 11.9, 10.8]
Cost improvement count: [1, 2, 21, 33, 6, 25, 24, 46, 4, 4, 4, 3, 5, 13, 173, 18, 1, 2, 1, 59, 3, 13, 170, 31, 21, 7, 46, 9, 3, 17, 101, 52, 2, 6, 4, 3, 7, 2, 1, 12, 2, 3, 2, 9, 1, 7, 4, 17]

==================================
A matrices:
(T = 1)
15×15 Matrix{Float64}:
 -1.0        -0.149203    -0.30301     -0.0294861   -0.690719    -0.401421   -0.0671071   -0.616245   -0.285215    0.0317812   0.173054    0.00867929  -0.150259   -0.166961   -0.124982
 -0.287438   -1.0          0.134542    -0.371401    -0.141225    -0.736255   -0.0494975   -0.393108   -0.199751    0.091168   -0.130029   -0.346265    -0.198386   -0.164123   -0.548328
 -0.24863    -0.178717    -1.0          0.405252    -0.0741644    0.124239    0.533946     0.0959964   0.033919   -0.317683   -0.155164   -0.389884     0.221872   -0.332882   -0.370754
 -0.566788    0.281078     0.146713    -1.0         -0.288689    -0.249911    0.154468    -0.308656   -0.0210615   0.0267665  -0.0849445  -0.524933    -0.599454   -0.300738   -0.255106
 -0.26778     0.00255033  -0.221767    -0.405682    -1.0         -0.143078    0.221494    -0.0995695   0.422396   -0.210767    0.022644   -0.343412    -0.388444   -0.17788    -0.157346
  0.0838548  -0.107155    -0.086993     0.156895    -0.348278    -1.0         0.0409435   -0.285515   -0.0414755   0.233832    0.150345   -0.364661    -0.0409278   0.107245   -0.26058
 -0.320847    0.0426748   -0.00121899   0.029335    -0.381054    -0.142013   -1.0          0.261454   -0.385118   -0.423956   -0.153861    0.65216      0.0940762  -0.111518    0.423592
  0.0728511   0.234195    -0.547618     0.00118478  -0.108289    -0.0188218  -0.0178098   -1.0        -0.152105   -0.116547    0.18718     0.067351     0.324417   -0.332794    0.165525
  0.281203   -0.0608149    0.19346     -0.199374    -0.495298     0.570351   -0.239212    -0.231601   -1.0        -0.106423    0.0575427   0.290081    -0.337731   -0.177536   -0.213669
  0.258626   -0.0452334   -0.0905404   -0.17909     -0.365175     0.107023    0.00556771  -0.234163    0.349562   -1.0        -0.305417   -0.0377985    0.0623715   0.0521683   0.0877313
 -0.101531    0.30354     -0.0544625    0.415661    -0.120393    -0.365328   -0.234197    -0.204367   -0.828664   -0.261558   -1.0         0.0653987    0.012038   -0.266305   -0.0075064
 -0.443784   -0.096187     0.560178    -0.0596144    0.00667113   0.704047   -0.452643    -0.0737592  -0.354326    0.172445   -0.11053    -1.0          0.20359    -0.34007    -0.295893
 -0.0783761   0.0211953   -0.0542394   -0.213128     0.138916     0.187951   -0.0862166    0.412494    0.360612    0.215022    0.164325    0.0984993   -1.0        -0.0732087   0.728851
  0.0902711  -0.756659    -0.328909    -0.325381    -0.321696     0.37474    -0.117283    -0.478102    0.0836773   0.0776542  -0.773856    0.161       -0.0288506  -1.0         0.153152
 -0.269119   -0.0316422    0.515808    -0.0662781    0.299613    -0.24625    -0.0903332   -0.386341   -0.183016   -0.296183    0.400575   -0.408259    -0.14697    -0.120237   -1.0

==================================
r vectors:
(T = 1)
15-element Vector{Float64}:
 2.3404112208612133
 2.1927890751026817
 2.546884635879826
 2.157886268122855
 2.0284680792357936
 1.8322397857639494
 1.7760364914275095
 2.381394168318185
 2.145869128274354
 2.0974369819881074
 2.1931180805355868
 1.68345668806024
 2.0837169261001853
 1.7677946530862467
 2.163219150275521
