==================================
Setup:
N: 15
T: 1
add: 1.0
del: 3.0
nat: 0.1
temp: 5.0
Source: Generated
A parameters: Normal{Float64}(μ=-0.07498799915476266, σ=0.28535680382806683)
r parameters: Normal{Float64}(μ=2.2267028066467236, σ=0.3198115664893998)
portion: 1.0
scaling: 1.0

==================================
Statistics:
Proportion of candidate states: 0.3170166015625
Candidate states: 10388
Total states: 32768
Total candidate pairs evaluated: 1000
Total natural transitions: 22380

Path length diff avg: -0.312
Path length diff val: [-3, -6, 1, 0, -5, -1, -2, 3, -7, 2, -4]
Path length diff count: [45, 3, 144, 495, 1, 148, 104, 7, 1, 42, 10]

Cost improvement avg: 4.305799999999999
Cost improvement val: [1.7, 9.6, 3.8, 8.8, 6.9, 7.8, 8.6, 6.8, 4.9, 14.8, 4.5, 9.9, 8.7, 12.8, 0.7, 9.8, 2.9, 7.9, 9.5, 6.5, 1.9, 13.8, 11.8, 2.7, 0.0, 8.9, 0.9, 0.8, 4.8, 2.8, 12.7, 7.6, 3.5, 3.9, 5.9, 5.8, 15.8, 11.7, 3.7, 5.7, 7.7, 12.6, 1.8, 10.7, 4.7, 6.7, 15.7, 9.7, 11.9, 10.8, 14.7, 17.7]
Cost improvement count: [1, 3, 29, 32, 8, 29, 2, 18, 37, 2, 1, 1, 9, 2, 1, 7, 203, 4, 1, 1, 55, 1, 8, 2, 169, 33, 26, 14, 44, 5, 6, 2, 1, 18, 91, 47, 1, 4, 6, 8, 8, 1, 10, 3, 8, 9, 1, 5, 5, 16, 1, 1]

==================================
A matrices:
(T = 1)
15×15 Matrix{Float64}:
 -1.0         0.211745   -0.240771     0.315548    0.533337   -0.0809884  -0.710518    0.146792     0.0220878  -0.321956   -0.182326   -0.338206    0.333649    0.34407       0.2483
  0.181447   -1.0         0.154412    -0.387297   -0.299315   -0.0662544   0.176389    0.147129    -0.301231   -0.0308032  -0.145468   -0.30241     0.585949    0.249849      0.128276
 -0.0729399   0.0743521  -1.0         -0.369098   -0.199855    0.392834    0.165105    0.00892156  -0.635004    0.0659053   0.0657595   0.0119845   0.231305   -0.694038     -0.119847
 -0.172166    0.0699441   0.00740644  -1.0        -0.0648686  -0.193763    0.0797051  -0.523925     0.0383916  -0.429023    0.0980346  -0.523502    0.602437   -0.263859      0.0908631
 -0.229008   -0.0265674  -0.467966    -0.677604   -1.0        -0.0108237  -0.649294   -0.246727    -0.118513   -0.0971848   0.0499602  -0.460304    0.24314     0.0721837     0.0866135
 -0.610895    0.28169     0.0681262    0.210046   -0.385677   -1.0        -0.247247    0.513065     0.295887   -0.103585   -0.22889    -0.100352    0.218644   -0.685888      0.213921
  0.313468    0.235595   -0.296851    -0.0911229  -0.470907   -0.30396    -1.0         0.168544     0.400526   -0.177705    0.225196   -0.236704   -0.324251   -0.164024     -0.196251
  0.277423    0.0379819  -0.101111    -0.0644247   0.393385   -0.0915147  -0.337405   -1.0          0.367952   -0.308522   -0.0215235   0.126117   -0.117808   -0.351186     -0.135543
  0.348583   -0.414684    0.121247    -0.332392   -0.274131    0.330883    0.0657176  -0.00324913  -1.0        -0.18434    -0.151028   -0.416254   -0.594319    0.0170814    -0.367725
 -0.0969305  -0.0309896  -0.334761    -0.306446    0.387327    0.294774   -0.0496842   0.390023     0.24176    -1.0         0.0982277   0.453784   -0.14221     0.000669129  -0.179339
  0.356107   -0.125168   -0.0818379    0.0614251  -0.335637   -0.278764    0.0117754   0.206785    -0.206951    0.0773891  -1.0        -0.0539284   0.362293    0.0537703    -0.159498
  0.0104553  -0.289105    0.308136    -0.289157   -0.149348    0.175225   -0.431831   -0.467972     0.252356   -0.275452   -0.464399   -1.0         0.705778    0.157864      0.0418093
  0.0930068  -0.292684    0.188741    -0.0435395  -0.576671   -0.202086   -0.68511    -0.0105433    0.365658    0.401708   -0.303781   -0.199646   -1.0         0.384759     -0.0113954
 -0.113787   -0.187167   -0.185082    -0.16322    -0.526503   -0.334012   -0.281814    0.333592     0.381065   -0.0625336  -0.0604655  -0.0847261  -0.0139687  -1.0           0.084964
 -0.195573   -0.0551248  -0.469383     0.0997683  -0.614187   -0.496441   -0.628819   -0.182313    -0.22453     0.104255   -0.10058     0.276711   -0.132367   -0.317795     -1.0

==================================
r vectors:
(T = 1)
15-element Vector{Float64}:
 2.443974673161272
 2.074394049019789
 3.0038275441699076
 1.5023230000441177
 2.304522900940227
 2.3695230367036113
 2.5813746828594075
 2.5071288003361536
 2.471591882701521
 1.8854060331157996
 2.258175200003577
 1.7940514634562592
 2.92102265540988
 2.2343759900092595
 2.6464805738025223
