==================================
Setup:
N: 15
T: 1
add: 1.0
del: 3.0
nat: 0.1
temp: 5.0
Source: Generated
A parameters: Normal{Float64}(μ=-0.07498799915476266, σ=0.28535680382806683)
r parameters: Normal{Float64}(μ=2.2267028066467236, σ=0.3198115664893998)
portion: 1.0
scaling: 1.0

==================================
Statistics:
Proportion of candidate states: 0.24383544921875
Candidate states: 7990
Total states: 32768
Total candidate pairs evaluated: 1000
Total natural transitions: 24771

Path length diff avg: -0.611
Path length diff val: [5, -3, -6, 1, 0, -5, -1, -2, 3, -8, -7, 4, 2, -4]
Path length diff count: [1, 71, 1, 148, 356, 15, 173, 136, 9, 1, 2, 3, 49, 35]

Cost improvement avg: 6.0725999999999996
Cost improvement val: [1.7, 17.8, 9.6, 20.7, 3.8, 8.8, 6.9, 7.8, 6.8, 4.9, 14.8, 10.9, 23.7, 9.9, 8.7, 15.6, 12.8, 9.8, 2.9, 7.9, 6.6, 4.6, 15.9, 19.9, 12.9, 1.9, 13.8, 11.8, 2.7, 0.0, 14.9, 8.9, 16.9, 0.9, 0.8, 4.8, 2.8, 12.7, 7.6, 3.9, 5.9, 5.8, 15.8, 11.7, 3.7, 18.8, 5.7, 7.7, 13.7, 1.8, 10.7, 4.7, 6.7, 15.7, 9.7, 11.9, 1.6, 16.8, 10.8, 14.7, 17.7]
Cost improvement count: [3, 3, 1, 1, 24, 51, 15, 44, 40, 52, 8, 6, 1, 10, 2, 1, 13, 40, 116, 21, 1, 2, 2, 1, 3, 36, 5, 18, 1, 97, 2, 34, 1, 16, 9, 36, 9, 7, 1, 31, 66, 44, 6, 6, 2, 1, 8, 11, 5, 17, 6, 2, 8, 2, 8, 5, 1, 3, 27, 7, 1]

==================================
A matrices:
(T = 1)
15×15 Matrix{Float64}:
 -1.0         -0.0486952    -0.730012    0.238234     -0.264988    -0.404902     0.303362   -0.0550894   -0.301155   -0.0313021   -0.0283814  -0.552913    0.124255   -0.098142    -0.23405
  0.248433    -1.0           0.0115431   0.10554      -0.698724    -0.338397     0.386498    0.286062     0.0171519   0.0959065   -0.331061   -0.169972    0.0682478  -0.0597873   -0.124058
 -0.0787969    0.292866     -1.0        -0.113162     -0.162716     0.177122     0.298152   -0.150772     0.0980075  -0.0725424    0.0277948   0.0465534  -0.405036   -0.229808    -0.150058
  0.00168282  -0.307429     -0.370736   -1.0          -0.136492    -0.167106    -0.0245398   0.00305333   0.274353    0.100178    -0.0451592  -0.251429   -0.0126679  -0.427261     0.242577
 -0.353904    -0.0434625    -0.300881    0.0299762    -1.0         -0.61903      0.269093    0.0525216   -0.357419   -0.132259    -0.156571    0.250054   -0.373453   -0.0848838    0.0585435
  0.119717    -0.104555     -0.172789    0.33882      -0.344546    -1.0         -0.312278   -0.425399     0.326451    0.22208      0.230951    0.0532161  -0.254778   -0.123216     0.196006
 -0.637089    -0.369725     -0.0577084   0.346887      0.00177392   0.0336624   -1.0         0.472996     0.097568   -0.0753735   -0.111772    0.458035    0.108612   -0.351847     0.395787
 -0.355571    -0.540235     -0.0840521  -0.0615034    -0.531581    -0.00412543  -0.18006    -1.0          0.0711719   0.0220411   -0.449821    0.495233    0.404729   -0.653632    -0.752474
 -0.163317    -0.0520993     0.361374   -0.200505     -0.263372     0.138692     0.221797    0.225154    -1.0        -0.277594    -0.373115   -0.816722   -0.414211   -0.0905586   -0.210349
 -0.174056     0.476743     -0.468646   -0.0553056    -0.246264    -0.0882439    0.169497   -0.0207161   -0.516165   -1.0          0.121704   -0.152981    0.0293324   0.0409093    0.121537
 -0.170372     0.0555421     0.186904   -0.28204      -0.207549    -0.169655    -0.718274   -0.36935     -0.126519   -0.189624    -1.0        -0.03955    -0.257479   -0.00683217  -0.262305
  0.0317901   -0.311893     -0.265652    0.42682      -0.140828    -0.151821    -0.0713989   0.395813    -0.219222   -0.0309323   -0.531114   -1.0         0.345265   -0.0382342    0.498573
 -0.0928048   -0.000807733  -0.51978     0.146339     -0.0434806    0.175622     0.0506086  -0.219545     0.172072   -0.00952755  -0.277217    0.307139   -1.0        -0.555125     0.0944996
  0.0439472   -0.304098     -0.0632414   0.000157035  -1.09298     -0.104513    -0.0202565  -0.331169    -0.383912   -0.0957476   -0.0507121  -0.83387    -0.373798   -1.0         -0.443635
  0.0585557   -0.272698     -0.183359    0.00995592   -0.330293    -0.349122    -0.293767   -0.0592042    0.205871    0.811832    -0.121145   -0.298558    0.221756   -0.0613075   -1.0

==================================
r vectors:
(T = 1)
15-element Vector{Float64}:
 2.1618160018232166
 1.9391468937073686
 1.8249310287311142
 2.431962491873672
 2.1604450206298487
 2.095674542396888
 2.957597591129849
 2.233070993696917
 2.0832701332168213
 2.189826949900362
 2.2086811138850977
 1.8457993944145923
 2.6641895359006686
 2.174795075799128
 2.17823305710326
