==================================
Setup:
N: 15
T: 1
add: 1.0
del: 3.0
nat: 0.1
temp: 5.0
Source: Generated
A parameters: Normal{Float64}(μ=-0.07498799915476266, σ=0.28535680382806683)
r parameters: Normal{Float64}(μ=2.2267028066467236, σ=0.3198115664893998)
portion: 1.0
scaling: 1.0

==================================
Statistics:
Proportion of candidate states: 0.241302490234375
Candidate states: 7907
Total states: 32768
Total candidate pairs evaluated: 1000
Total natural transitions: 24858

Path length diff avg: -0.489
Path length diff val: [-3, -6, 1, 0, -5, -1, -2, 3, 4, 2, -4]
Path length diff count: [52, 3, 149, 371, 4, 198, 135, 14, 1, 45, 28]

Cost improvement avg: 5.441200000000002
Cost improvement val: [17.8, 9.6, 3.8, 8.8, 6.9, 7.8, 8.6, 6.8, 4.9, 14.8, 10.6, 10.9, 9.9, 8.7, 15.6, 12.8, 0.7, 9.8, 2.9, 7.9, 6.6, 9.5, 12.9, 1.9, 13.8, 11.8, 2.7, 0.0, 14.9, 8.9, 0.9, 0.8, 4.8, 2.8, 12.7, 7.6, 3.9, 16.7, 5.9, 5.8, 15.8, 11.7, 3.7, 18.8, 5.7, 7.7, 13.7, 12.6, 1.8, 10.7, 4.7, 6.7, 9.7, 11.9, 20.6, 13.9, 16.8, 10.8, 14.7, 17.7]
Cost improvement count: [2, 5, 31, 37, 18, 33, 1, 33, 39, 5, 1, 9, 10, 8, 1, 11, 1, 21, 135, 29, 1, 1, 2, 51, 8, 8, 2, 120, 1, 22, 26, 6, 45, 4, 4, 1, 31, 3, 78, 38, 2, 8, 4, 1, 8, 7, 6, 2, 16, 8, 6, 11, 9, 5, 1, 4, 1, 15, 2, 2]

==================================
A matrices:
(T = 1)
15×15 Matrix{Float64}:
 -1.0         0.221386    0.0600154  -0.204754   -0.20376     0.0796116    0.169696    0.222416     0.11975      0.249475   -0.275612     0.0610386  -0.0657447  -0.0749876    -0.175677
 -0.258019   -1.0         0.0458576  -0.512013   -0.0278664  -0.326355     0.0586956   0.0236236    0.00734056   0.200566    0.0354872    0.153365   -0.359775    0.333184      0.400385
 -0.0836978  -0.303855   -1.0        -0.126475    0.129277   -0.0567482   -0.288756   -0.354325     0.0522647    0.485553    0.220545     0.17339     0.192798   -0.361706      0.0228989
  0.0593513  -0.342918   -0.646792   -1.0        -0.0221214   0.0590347   -0.0651725   0.439918    -0.39387     -0.352013    0.422022    -0.156274   -0.348581    0.156814     -0.039902
  0.259576   -0.0553395  -0.385871   -0.198177   -1.0         0.391024    -0.356739   -0.142354    -0.276428     0.0671866  -0.207147     0.102441   -0.0124566  -0.0805465    -0.287658
 -0.593576   -0.49269     0.17222    -0.480277    0.0145698  -1.0         -0.30942    -0.236548     0.0103509   -0.155046    0.643344    -0.0767413   0.104204   -0.609852      0.134917
  0.0552436  -0.261666   -0.0863072   0.0672906   0.297102   -0.205149    -1.0        -0.416739    -0.00529325  -0.364004    0.00561732  -0.473944   -0.408307   -0.243975      0.48995
  0.243823    0.047688    0.326678   -0.346455    0.1375     -0.547685    -0.163302   -1.0         -0.209486    -0.406143    0.152443     0.0925914   0.0782877  -0.0442231     0.0671754
 -0.730702   -0.186601   -0.169542   -0.0553844  -0.275925    0.416964     0.0200673  -0.00321883  -1.0         -0.448855    0.216646    -0.178766   -0.0625356   0.0170671    -0.127044
 -0.0624604  -0.411811   -0.283499   -0.117707   -0.215903   -0.217449     0.424741   -0.251666    -0.403807    -1.0         0.0111869   -0.454156   -0.11873    -0.000429561  -0.410451
 -0.330475   -0.233827   -0.21784    -0.166419   -0.0754749  -0.00561744   0.482221   -0.0762988    0.122983    -0.280927   -1.0          0.0436752  -0.0718439  -0.496409     -0.203172
  0.316199   -0.60818     0.193963   -0.0299516   0.178616   -0.314897     0.0101688  -0.539837     0.246491    -0.510073   -0.249282    -1.0        -0.264698   -0.0783527    -0.0865715
 -0.127564   -0.132096   -0.298447   -0.0143584  -0.250658   -0.161999    -0.0945418   0.181934    -0.29293     -0.121103   -0.174058     0.236035   -1.0        -0.930305     -0.420986
 -0.552776    0.169041   -0.706594    0.134351    0.26343    -0.118515     0.144092    0.037108     0.078844    -0.0920893  -0.420025    -0.224961   -0.143579   -1.0          -0.260416
 -0.0595022  -0.0139548   0.0653047  -0.528898   -0.301437    0.156565     0.563038    0.0301927    0.0598987   -0.183532   -0.0440321   -0.528601    0.0468915  -0.504864     -1.0

==================================
r vectors:
(T = 1)
15-element Vector{Float64}:
 2.7010405390506382
 1.9432433748512508
 2.629837562585153
 2.1743740887437
 1.8411100605601258
 1.9093463030087041
 2.6212274961715374
 1.903466341873844
 2.264369818671628
 2.4281400173584773
 1.527683282184547
 2.2010388735954174
 2.268375627386994
 2.3273126896637337
 2.0623629667074237
