==================================
Setup:
N: 15
T: 1
add: 1.0
del: 3.0
nat: 0.1
temp: 5.0
Source: Generated
A parameters: Normal{Float64}(μ=-0.07498799915476266, σ=0.28535680382806683)
r parameters: Normal{Float64}(μ=2.2267028066467236, σ=0.3198115664893998)
portion: 1.0
scaling: 1.0

==================================
Statistics:
Proportion of candidate states: 0.379486083984375
Candidate states: 12435
Total states: 32768
Total candidate pairs evaluated: 1000
Total natural transitions: 20316

Path length diff avg: -0.607
Path length diff val: [-3, -6, 1, 0, -5, -1, -2, 3, -8, 4, 2, -4]
Path length diff count: [71, 2, 117, 408, 20, 160, 134, 15, 1, 2, 44, 26]

Cost improvement avg: 5.594699999999999
Cost improvement val: [1.7, 17.8, 9.6, 3.8, 8.8, 6.9, 7.8, 8.6, 6.8, 4.9, 14.8, 10.6, 10.9, 9.9, 8.7, 12.8, 0.7, 9.8, 2.9, 7.9, 14.6, 6.5, 5.6, 12.9, 1.9, 13.8, 11.8, 2.7, 0.0, 14.9, 16.5, 8.9, 0.9, 0.8, 4.8, 2.8, 12.7, 7.6, 3.9, 5.9, 20.8, 5.8, 15.8, 11.7, 3.7, 18.8, 5.7, 7.7, 13.7, 16.4, 1.8, 10.7, 4.7, 11.6, 6.7, 18.7, 9.7, 11.9, 16.8, 10.8, 14.7, 17.7]
Cost improvement count: [1, 2, 1, 24, 29, 25, 45, 2, 38, 42, 7, 3, 4, 4, 11, 8, 1, 21, 130, 11, 1, 1, 1, 2, 39, 10, 21, 1, 122, 1, 1, 27, 17, 15, 42, 11, 8, 1, 18, 73, 1, 51, 1, 6, 5, 1, 8, 10, 5, 1, 12, 7, 7, 3, 14, 1, 14, 7, 3, 18, 2, 2]

==================================
A matrices:
(T = 1)
15×15 Matrix{Float64}:
 -1.0        -0.387739     0.6513       0.2198      0.157026    -0.246721   -0.163922   -0.189749    0.217588    -0.00527174   0.0110254  -0.647609   -0.35498    -0.032341    0.127146
 -0.390532   -1.0          0.120639     0.203781   -0.212008    -0.570168   -0.285853   -0.378208   -0.514051     0.182309    -0.0863714  -0.325442   -0.415325   -0.0362048  -0.143908
  0.287252   -0.471555    -1.0          0.26117     0.105382     0.0733355   0.217906   -0.185133   -0.327489    -0.661314     0.111929   -0.182469   -0.214306    0.0904794  -0.179579
 -0.314616    0.303251     0.0845931   -1.0        -0.176249    -0.156184   -0.292174    0.0246624  -0.378332     0.284827    -0.256039   -0.109354   -0.405908   -0.259071   -0.206925
  0.0798107  -0.402235    -0.247508    -0.128852   -1.0         -0.247384   -0.142198   -0.520644   -0.061803    -0.0761927   -0.0438058  -0.196067   -0.471818   -0.0130637  -0.51591
 -0.065547    0.0507207   -0.623011    -0.218767   -0.00839816  -1.0        -0.444021    0.350664   -0.0573838   -0.0860705   -0.421352   -0.273275   -0.262628    0.328755    0.295206
  0.0738907  -0.264497     0.00196832  -0.299476    0.0651812   -0.624343   -1.0        -0.377442   -0.361996     0.197588    -0.617804    0.193643   -0.164613   -0.567764    0.0918898
 -0.189174    0.094714    -0.325899    -0.172257    0.278793     0.186158   -0.531614   -1.0         0.221825    -0.18329     -0.0976798  -0.308579   -0.252986    0.0913577   0.288143
  0.138494    0.0737455   -0.459584    -0.0295276  -0.23366      0.123975    0.0133926  -0.343476   -1.0          0.0837199   -0.304342    0.0489924   0.376631   -0.463371   -0.229799
 -0.101369   -0.288545     0.161861     0.0229357  -0.244163    -0.206272   -0.189658    0.0284099  -0.327618    -1.0         -0.399302   -0.0179536  -0.696844   -0.163116    0.155522
 -0.421816   -0.0709788   -0.258386     0.21505     0.226376    -0.0782698  -0.0874015  -0.210659    0.0238438    0.0175903   -1.0        -0.375272   -0.671906   -0.186024    0.0217062
 -0.302996    0.00982045   0.110774     0.14807     0.227474    -0.0130492  -0.522382    0.188082    0.456281    -0.374315    -0.0157608  -1.0        -0.384688   -0.365241    0.040568
  0.292664   -0.653687     0.414503    -0.211839   -0.0157526    0.126922    0.29351    -0.293965    0.205502     0.436634    -0.196922   -0.349994   -1.0        -0.405796   -0.610365
 -0.199875    0.0565661    0.190115     0.510437   -0.242939     0.0364686   0.0133962  -0.418308    0.00141818  -0.866614    -0.0294046  -0.258207   -0.0594387  -1.0        -0.0350673
  0.122491   -0.248879    -0.256114    -0.361791   -0.478651    -0.207491   -0.16201    -0.0272846  -0.418037     0.207777     0.494257    0.292097   -0.0656096  -0.056492   -1.0

==================================
r vectors:
(T = 1)
15-element Vector{Float64}:
 2.3902440686032094
 2.887507229470056
 2.384154422858444
 2.6601717382704244
 2.51855573561649
 1.702870820009368
 2.169615897315075
 2.3647411755468273
 1.7795858403333886
 2.367984667436618
 2.3486655556703027
 2.3897897895611413
 2.267920363140769
 2.4053514490287644
 1.916984698962812
