==================================
Setup:
N: 15
T: 1
add: 1.0
del: 3.0
nat: 0.1
temp: 5.0
Source: Generated
A parameters: Normal{Float64}(μ=-0.07498799915476266, σ=0.28535680382806683)
r parameters: Normal{Float64}(μ=2.2267028066467236, σ=0.3198115664893998)
portion: 1.0
scaling: 1.0

==================================
Statistics:
Proportion of candidate states: 0.258575439453125
Candidate states: 8473
Total states: 32768
Total candidate pairs evaluated: 1000
Total natural transitions: 24257

Path length diff avg: -0.579
Path length diff val: [-3, -6, 1, 0, -5, -1, -2, 3, 4, 2, -4]
Path length diff count: [64, 3, 129, 398, 14, 155, 138, 7, 4, 53, 35]

Cost improvement avg: 5.6488
Cost improvement val: [1.7, 19.7, 17.8, 9.6, 3.8, 8.8, 6.9, 7.8, 8.6, 6.8, 4.9, 14.8, 10.6, 10.9, 9.9, 8.7, 12.8, 0.7, 9.8, 2.9, 7.9, 6.6, 12.5, 14.6, 3.6, 13.6, 12.9, 1.9, 13.8, 11.8, 2.7, 0.0, 8.9, 16.9, 0.9, 0.8, 4.8, 2.8, 12.7, 7.6, 3.9, 16.7, 5.9, 5.8, 15.8, 11.7, 3.7, 5.7, 7.7, 13.7, 1.8, 10.7, 4.7, 11.6, 6.7, 15.7, 9.7, 11.9, 10.8, 14.7, 17.7]
Cost improvement count: [1, 1, 2, 2, 27, 43, 16, 42, 2, 23, 46, 3, 2, 12, 8, 13, 8, 1, 25, 147, 17, 1, 1, 1, 1, 2, 1, 34, 5, 18, 2, 111, 20, 2, 18, 10, 48, 10, 5, 3, 26, 2, 53, 54, 4, 10, 7, 5, 11, 6, 9, 12, 10, 3, 12, 2, 8, 5, 23, 3, 1]

==================================
A matrices:
(T = 1)
15×15 Matrix{Float64}:
 -1.0        -0.462531   -0.548462   -0.0493403   0.0116519  -0.294937    -0.594054    0.304329   -0.0264821  -0.540122    -0.376809   -0.147578      0.363005   -0.224614  -0.401969
 -0.28972    -1.0        -0.874766   -0.513431   -0.145956   -0.00373675   0.252198    0.0448743  -0.478595   -0.393492    -0.103055    0.423472      0.0134867   0.204806   0.345202
  0.13442     0.0354678  -1.0        -0.306047    0.0858237   0.0138223   -0.261124    0.191281   -0.183199    0.35801     -0.560749   -0.32782      -0.781036   -0.408932  -0.510262
 -0.032856   -0.333591    0.0243507  -1.0        -0.116198    0.136433     0.101225   -0.011992    0.0721495  -0.426693    -0.478413    0.85745      -0.0275078  -0.045869  -0.13718
  0.106368   -0.126541    0.177273   -0.129778   -1.0        -0.0700986   -0.482769    0.124622    0.165461    0.201789     0.131279   -0.382177      0.290261    0.281431  -0.0214422
 -0.674656   -0.195454    0.0430655   0.0384355   0.619689   -1.0         -0.246879    0.0134033  -0.218856    0.0770156    0.284305    0.558518     -0.131789    0.124352   0.0125044
  0.145346    0.475094   -0.311253    0.181042   -0.362655   -0.143888    -1.0        -0.500332   -0.611552    0.265766    -0.165145    0.264989     -0.373646    0.13519   -0.0730069
  0.0973981   0.0962571  -0.148354   -0.219193   -0.0461524   0.303523     0.137522   -1.0         0.104271   -0.15563      0.131204   -0.145127     -0.0801119  -0.608582   0.201574
 -0.359897   -0.194283   -1.06644     0.562633   -0.217413   -0.418743    -0.13579     0.0536627  -1.0         0.606928     0.566391    0.155215      0.303718    0.349274  -0.750899
  0.120198    0.323601   -0.334311   -0.224542   -0.305611   -0.466599     0.147642   -0.170243   -0.209802   -1.0          0.394711    0.000533083  -0.0275817   0.2616     0.00183178
  0.184268   -0.442065    0.172529    0.309958   -0.113764   -0.365706     0.307404    0.117312   -0.0278002   0.00346564  -1.0        -0.225777     -0.285971   -0.914342   0.0577248
  0.0238071  -0.169508   -0.369392   -0.114469   -0.350815    0.323048     0.298882   -0.474313    0.499274    0.0924583   -0.0533658  -1.0          -0.0333281  -0.128309  -0.277124
  0.271751   -0.285225    0.122468   -0.0361433  -0.218572    0.363651     0.0511646  -0.403424   -0.180525    0.0795507   -0.23381    -0.0667507    -1.0         0.202664   0.0313868
 -0.0839126   0.177639   -0.100065   -0.411019   -0.353858    0.120775     0.252612   -0.0242134   0.0997679  -0.439697    -0.0139516  -0.117059     -0.564978   -1.0       -0.190879
 -0.18424    -0.270907   -0.29532     0.350526    0.433833   -0.0840773    0.0672869   0.249384   -0.44242    -0.0131442   -0.248626    0.231353     -0.0363484   0.217599  -1.0

==================================
r vectors:
(T = 1)
15-element Vector{Float64}:
 2.2804842654535245
 2.1042526482116712
 2.2932677725187425
 2.0831010737273137
 2.489083163158422
 1.8592401699944974
 2.695435129906933
 2.6057727913636124
 2.5104159033604416
 2.0783164146026993
 2.178156027706489
 2.623136801791177
 2.673731291810072
 1.8454951428601372
 2.220467536921204
