==================================
Setup:
N: 15
T: 1
add: 1.0
del: 3.0
nat: 0.1
temp: 5.0
Source: Generated
A parameters: Normal{Float64}(μ=-0.07498799915476266, σ=0.28535680382806683)
r parameters: Normal{Float64}(μ=2.2267028066467236, σ=0.3198115664893998)
portion: 1.0
scaling: 1.0

==================================
Statistics:
Proportion of candidate states: 0.2921142578125
Candidate states: 9572
Total states: 32768
Total candidate pairs evaluated: 1000
Total natural transitions: 23192

Path length diff avg: -0.848
Path length diff val: [-3, -6, 1, 0, -5, -1, -2, 3, -8, -7, 4, 2, -4]
Path length diff count: [79, 6, 125, 367, 25, 148, 149, 9, 1, 2, 3, 33, 53]

Cost improvement avg: 5.322900000000001
Cost improvement val: [1.7, 17.8, 3.8, 8.8, 6.9, 7.8, 8.6, 6.8, 4.9, 14.8, 10.6, 10.9, 9.9, 8.7, 12.8, 0.7, 9.8, 2.9, 7.9, 6.6, 16.6, 14.6, 12.9, 1.9, 17.6, 13.8, 11.8, 2.7, 0.0, 8.9, 16.9, 0.9, 0.8, 4.8, 2.8, 12.7, 7.6, 3.9, 16.7, 5.9, 5.8, 15.8, 11.7, 3.7, 5.7, 7.7, 13.7, 12.6, 1.8, 10.7, 4.7, 6.7, 15.7, 9.7, 11.9, 13.9, 16.8, 10.8, 14.7, 17.7]
Cost improvement count: [1, 4, 35, 29, 10, 45, 2, 27, 35, 4, 3, 3, 2, 8, 2, 3, 17, 137, 15, 1, 1, 1, 1, 51, 1, 9, 12, 1, 132, 26, 1, 15, 7, 42, 10, 8, 1, 23, 2, 84, 40, 1, 9, 13, 4, 4, 4, 1, 21, 16, 6, 18, 1, 12, 9, 1, 2, 21, 4, 2]

==================================
A matrices:
(T = 1)
15×15 Matrix{Float64}:
 -1.0         -0.249831    0.362872   -0.18611     0.0674195   0.134016    -0.0838079  -0.157053   -0.66571    -0.12799    -0.324326  -0.422465   -0.0734543   0.0422318   -0.0763908
  0.0693584   -1.0         0.0626341  -0.175481   -0.0733505   0.305506     0.103557   -0.262568    0.322596   -0.0825941   0.131947   0.148774   -0.412765   -0.52725      0.255043
  0.0221738   -0.0993267  -1.0        -0.0733706   0.522078   -0.422183     0.14884     0.179664   -0.667213    0.376991    0.248058   0.522975    0.175839    0.267212    -0.201481
 -0.678491     0.138791   -0.565133   -1.0        -0.17135    -0.271253    -0.0440041   0.0576832  -0.0166948   0.0379457   0.139279  -0.0240302  -0.324301   -0.251017    -0.204317
 -0.156179    -0.277031   -0.199857   -0.363454   -1.0         0.00864032   0.429366    0.205236    0.206085   -0.120974   -0.127002   0.027995   -0.065511   -0.269847    -0.59511
 -0.501761    -0.269647   -0.106391   -0.720079    0.20014    -1.0         -0.228308   -0.0633788   0.142847    0.170097    0.323492  -0.0349037   0.489067   -0.635648    -0.0373747
  0.157953     0.485906    0.622541   -0.400458    0.0968295   0.245735    -1.0        -0.151789    0.262817    0.0630029  -0.174699   0.0891587   0.166581   -0.0306965    0.026622
 -0.112472     0.0546552  -0.380852    0.0825514  -0.636575   -0.187916    -0.442721   -1.0        -0.213707    0.12422    -0.258045   0.115205    0.295296    0.113734     0.107965
  0.149597    -0.163469    0.212467   -0.313975   -0.145887   -0.119897    -0.479333    0.117033   -1.0         0.110832   -0.15512   -0.0622101  -0.361202    0.183262    -0.202669
 -0.00535704   0.206294    0.0432373  -0.150971    0.0193252  -0.718097    -0.108612   -0.246052   -0.084538   -1.0        -0.776261  -0.329639    0.0953418   0.00979551   0.386924
  0.461359    -0.165892   -0.327631   -0.708015   -0.335212   -0.0141871   -0.102268   -0.0141776  -0.0392069   0.304325   -1.0        0.0746378   0.282977   -0.36284     -0.673555
 -0.5433      -0.369043   -0.161998    0.453166   -0.10714     0.211359     0.208191    0.0981739  -0.0933495  -0.474638   -0.16505   -1.0         0.2352      0.304994    -0.273133
  0.411249     0.127714    0.224871   -0.386274   -0.133213    0.361856    -0.0260097   0.457985    0.223695    0.337363   -0.223943   0.102697   -1.0        -0.291589    -0.31145
 -0.19216     -0.306751   -0.0130371   0.0724018  -0.690265   -0.540878    -0.177687   -0.235526   -0.0947362  -0.0627266  -0.110895  -0.334187   -0.342622   -1.0         -0.298945
 -0.310553    -0.278607   -0.159344   -0.270511    0.120151   -0.0716827    0.0336909   0.248723    0.216109   -0.294326   -0.450905   0.169153    0.0618356  -0.426683    -1.0

==================================
r vectors:
(T = 1)
15-element Vector{Float64}:
 2.655266316042122
 2.3532760983166647
 2.2669356305271458
 2.058232138634096
 2.2877120662954327
 1.971183724342662
 2.6954755517598685
 2.2355561078001465
 2.384978304068896
 2.469046683616748
 2.3229181702993227
 2.37404540717915
 1.9956275399067493
 2.489059081025365
 2.1386188393250185
