==================================
Setup:
N: 15
T: 1
add: 1.0
del: 3.0
nat: 0.1
temp: 5.0
Source: Generated
A parameters: Normal{Float64}(μ=-0.07498799915476266, σ=0.28535680382806683)
r parameters: Normal{Float64}(μ=2.2267028066467236, σ=0.3198115664893998)
portion: 1.0
scaling: 1.0

==================================
Statistics:
Proportion of candidate states: 0.394775390625
Candidate states: 12936
Total states: 32768
Total candidate pairs evaluated: 1000
Total natural transitions: 19773

Path length diff avg: -0.672
Path length diff val: [-3, -6, 1, 0, -5, -1, -2, 3, 4, 2, -4]
Path length diff count: [66, 8, 117, 420, 17, 166, 122, 8, 5, 32, 39]

Cost improvement avg: 5.204299999999999
Cost improvement val: [1.7, 17.8, 9.6, 3.8, 8.8, 6.9, 7.8, 6.8, 4.9, 14.8, 10.6, 10.9, 9.9, 8.7, 12.8, 0.7, 9.8, 2.9, 7.9, 6.6, 1.9, 13.8, 11.8, 2.7, 0.0, 14.9, 8.9, 0.9, 0.8, 4.8, 21.6, 2.8, 7.5, 12.7, 7.6, 3.9, 5.9, 5.8, 15.8, 11.7, 3.7, 5.7, 7.7, 13.7, 12.6, 1.8, 10.7, 4.7, 11.6, 6.7, 18.7, 15.7, 9.7, 11.9, 13.9, 16.8, 10.8, 14.7]
Cost improvement count: [2, 1, 3, 25, 36, 18, 46, 25, 37, 3, 1, 8, 5, 13, 7, 4, 21, 158, 19, 5, 37, 9, 9, 2, 138, 4, 7, 21, 11, 47, 1, 9, 1, 8, 1, 21, 70, 46, 3, 6, 5, 5, 18, 2, 1, 13, 7, 7, 1, 10, 1, 1, 11, 5, 2, 2, 17, 4]

==================================
A matrices:
(T = 1)
15×15 Matrix{Float64}:
 -1.0         -0.258699     0.171565   -0.550704   -0.106329    0.00756182  -0.092358    0.154677    -0.238527     0.350108   -0.309568  -0.043846     0.0257546   -0.809737   -0.0279753
  0.00566763  -1.0         -0.0981191  -0.143302   -0.0572585  -0.225266     0.0415008  -0.00455633  -0.0867796   -0.116345    0.311667   0.233369    -0.238797    -0.233972    0.212009
 -0.540221    -0.421153    -1.0        -0.447791   -0.264392   -0.157749     0.109344    0.183972    -0.072479     0.395666   -0.125652  -0.311843    -0.0421094   -0.0707224  -0.17757
  0.10969     -0.138576     0.225116   -1.0        -0.162562    0.0219339   -0.361875   -0.0667014   -0.0138041    0.287093   -0.037859   0.0657314   -0.635813    -0.256202    0.172543
  0.253685     0.299058    -0.396735    0.14592    -1.0        -0.454661    -0.229779    0.113706     0.142114    -0.386782   -0.366475  -0.248822    -0.220839    -0.143175    0.688699
  0.193288     0.0181563    0.308869   -0.0827841   0.618564   -1.0          0.358011   -0.354691     0.00994745   0.276808   -0.29263   -0.192924    -0.00181097  -0.431653   -0.0434044
 -0.220356     0.125439     0.297413   -0.104162    0.0419692   0.173809    -1.0         0.131091     0.457009    -0.145847    0.385996   0.230405    -0.00242822  -0.206662   -0.164777
 -0.537956     0.222335    -0.33977     0.286345    0.143851    0.0237215   -0.259486   -1.0         -0.0264257   -0.249267   -0.429807   0.318846     0.00439278  -0.482516   -0.457499
 -0.149093    -0.532668    -0.114892   -0.111164   -0.282165    0.205078     0.0362904  -0.0899807   -1.0         -0.475279   -0.284442  -0.172951     0.251995     0.0539443  -0.305522
 -0.261319    -0.365764     0.744946   -0.424706   -0.24478     0.00954066   0.0741798   0.704309     0.310148    -1.0        -0.361277  -0.618884    -0.100549    -0.309762   -0.364819
 -0.130461     0.00118547  -0.343926   -0.624714   -0.227775   -0.0247795   -0.317592    0.028464     0.00460995  -0.189001   -1.0       -0.00157519  -0.223913    -0.238464   -0.477526
 -0.116869     0.194248    -0.304433   -0.0652495   0.0415642   0.340195    -0.221068   -0.0712219    0.017883    -0.709402   -0.445226  -1.0          0.0999855    0.121557    0.24445
  0.00505721  -0.123604     0.191069    0.200082    0.207077   -0.177332     0.112178   -0.0757919    0.278858    -0.461059   -0.12571   -0.543588    -1.0         -0.138501    0.252837
  0.634277    -0.24169     -0.471417   -0.225866   -0.109323   -0.439558    -0.0289621   0.124572     0.00306747  -0.256643    0.192441  -0.228547    -0.23206     -1.0         0.144839
  0.0594548   -0.21259      0.0651825   0.099548    0.0232163  -0.244394    -0.0541512   0.809596     0.0209023    0.0302628  -0.357853   0.132937     0.0672742   -0.0177846  -1.0

==================================
r vectors:
(T = 1)
15-element Vector{Float64}:
 2.362527456080298
 1.8551082689092657
 2.7940891544909268
 2.550947052459306
 2.0047378672882927
 2.524966211730415
 2.1545095994193577
 2.3872081592830794
 1.8319131231023291
 2.161094477515305
 2.312205120221852
 2.081890040295743
 1.661226115910148
 2.308372283173966
 1.7097406054590047
