==================================
Setup:
N: 15
T: 1
add: 1.0
del: 3.0
nat: 0.1
temp: 5.0
Source: Generated
A parameters: Normal{Float64}(μ=-0.07498799915476266, σ=0.28535680382806683)
r parameters: Normal{Float64}(μ=2.2267028066467236, σ=0.3198115664893998)
portion: 1.0
scaling: 1.0

==================================
Statistics:
Proportion of candidate states: 0.317962646484375
Candidate states: 10419
Total states: 32768
Total candidate pairs evaluated: 1000
Total natural transitions: 22349

Path length diff avg: -0.292
Path length diff val: [-3, -6, 1, 0, -5, -1, -2, 3, -7, 4, 2, -4]
Path length diff count: [41, 1, 147, 504, 5, 142, 106, 8, 1, 2, 36, 7]

Cost improvement avg: 4.2699
Cost improvement val: [1.7, 3.8, 8.8, 6.9, 7.8, 6.8, 4.9, 14.8, 10.9, 8.7, 12.8, 0.7, 9.8, 2.9, 7.9, 4.6, 3.6, 13.6, 1.9, 7.4, 13.8, 11.8, 2.7, 0.0, 14.9, 8.9, 0.9, 0.8, 4.8, 2.8, 12.7, 3.9, 2.6, 5.9, 5.8, 11.7, 3.7, 5.7, 7.7, 13.7, 12.6, 1.8, 10.7, 4.7, 11.6, 6.7, 9.7, 11.9, 10.8, 14.7]
Cost improvement count: [1, 32, 37, 3, 33, 24, 35, 3, 2, 8, 1, 2, 6, 201, 11, 3, 1, 1, 59, 1, 2, 13, 1, 169, 2, 20, 23, 16, 40, 6, 1, 6, 1, 88, 50, 1, 10, 8, 9, 3, 2, 13, 9, 9, 1, 17, 2, 5, 8, 1]

==================================
A matrices:
(T = 1)
15×15 Matrix{Float64}:
 -1.0         -0.222092    0.0296623  -0.335795   -0.142908    0.325165    0.461394    0.144505   -0.211787    0.173071    0.348775   -0.192637     0.294425   -0.433936   -0.203002
 -0.232803    -1.0        -0.231229   -0.510017    0.108317   -0.0875559  -0.260734   -0.474754   -0.0872968  -0.556315    0.0892482   0.23579      0.107664   -0.384557    0.207443
 -0.00558513  -0.0955782  -1.0        -0.529544   -0.22879    -0.229382   -0.0615684  -0.178921   -0.401931   -0.369226   -0.290504    0.00510424   0.0291316   0.279722    0.203729
 -0.15316      0.237775   -0.405775   -1.0        -0.114976   -0.834277    0.188422   -0.0496282   0.0559433  -0.329899   -0.17079     0.259398    -0.286029   -0.294083    0.0667541
 -0.258585     0.351488    0.339599   -0.1127     -1.0        -0.295531   -0.18238     0.0272643   0.181772   -0.237218    0.139715    0.279625    -0.153819   -0.183805   -0.174232
 -0.153131     0.185837    0.345138    0.168814    0.264764   -1.0         0.196874   -0.163473   -0.0641179  -0.136251   -0.0981604  -0.0971346   -0.480115   -0.712992    0.132136
 -0.306419    -0.0328502   0.256356   -0.429563    0.0572549  -0.0839833  -1.0         0.0639789  -0.27601     0.0821328  -0.117046   -0.0825775   -0.110764   -0.178044    0.0918726
 -0.0117443   -0.0512694  -0.191631   -0.518926   -0.0252683   0.0999528  -0.264174   -1.0        -0.64292    -0.101057    0.0386195  -0.258046     0.384251   -0.169695   -0.0396973
 -0.175503    -0.244624   -0.117991   -0.374179    0.0930606  -0.499926    0.232195    0.10689    -1.0        -0.433876    0.135407    0.266915    -0.0656037  -0.0618745   0.180022
 -0.108054     0.334749   -0.150538    0.218106    0.296811   -0.408302    0.296892   -0.145217   -0.197245   -1.0         0.496154    0.502479    -0.152913   -0.290173   -0.0651703
  0.0722434   -0.0905364   0.196831   -0.360905   -0.121776   -0.230766   -0.718952    0.0391227   0.126999    0.200331   -1.0         0.145608     0.110039   -0.0442841   0.171519
  0.217241    -0.0540143  -0.193968   -0.0672963   0.0150195  -0.238813   -0.173088   -0.176482   -0.450432   -0.411891   -0.165783   -1.0          0.151698    0.410519   -0.0978445
 -0.483544    -0.42862     0.292136   -0.584922   -0.209599   -0.241787    0.29431    -0.212745    0.228303   -0.234366   -0.0937483  -0.571909    -1.0        -0.385386   -0.204043
 -0.10014     -0.0658053   0.0590531  -0.0316317  -0.311588   -0.111501   -0.0445293  -0.41722     0.258094   -0.0959009   0.322442   -0.143533    -0.233671   -1.0        -0.488914
 -0.608888     0.0956629   0.196153    0.202956   -0.338067   -0.0993088   0.384475   -0.156507    0.182346   -0.050052   -0.428711   -0.454544    -0.660218   -0.179108   -1.0

==================================
r vectors:
(T = 1)
15-element Vector{Float64}:
 2.5324618689780385
 2.5543549770737286
 2.130842479799204
 2.2674034273129062
 1.774184627783781
 2.309720028439486
 2.978539197385494
 2.2300262098471557
 2.2076122097349606
 2.6914601072356628
 2.3053596819065625
 2.1807965012482446
 1.7313811594339825
 1.8978656703886296
 2.5636375685981836
