==================================
Setup:
N: 15
T: 1
add: 1.0
del: 3.0
nat: 0.1
temp: 5.0
Source: Generated
A parameters: Normal{Float64}(μ=-0.07498799915476266, σ=0.28535680382806683)
r parameters: Normal{Float64}(μ=2.2267028066467236, σ=0.3198115664893998)
portion: 1.0
scaling: 1.0

==================================
Statistics:
Proportion of candidate states: 0.22369384765625
Candidate states: 7330
Total states: 32768
Total candidate pairs evaluated: 1000
Total natural transitions: 25433

Path length diff avg: -0.568
Path length diff val: [0, -5, -1, 2, -3, -6, -4, -2, 3, 1]
Path length diff count: [374, 14, 180, 56, 61, 1, 39, 126, 9, 140]

Cost improvement avg: 5.730500000000002
Cost improvement val: [3.8, 8.8, 6.9, 7.8, 6.8, 4.9, 14.8, 10.6, 10.9, 9.9, 8.7, 12.8, 0.7, 9.8, 2.9, 7.9, 6.6, 12.9, 1.9, 13.8, 11.8, 2.7, 0.0, 8.9, 0.9, 0.8, 4.8, 2.8, 12.7, 7.6, 3.9, 16.7, 5.9, 5.8, 15.8, 11.7, 3.7, 5.7, 7.7, 13.7, 1.8, 10.7, 4.7, 11.6, 6.7, 18.7, 15.7, 9.7, 11.9, 13.9, 16.8, 10.8, 14.7, 17.7]
Cost improvement count: [22, 40, 20, 47, 33, 37, 9, 1, 8, 9, 8, 8, 1, 27, 132, 14, 1, 2, 45, 13, 21, 1, 101, 32, 15, 12, 44, 6, 4, 2, 33, 3, 88, 55, 6, 5, 7, 4, 11, 4, 12, 7, 1, 1, 14, 1, 1, 3, 5, 2, 2, 16, 3, 1]

==================================
A matrices:
(T = 1)
15×15 Matrix{Float64}:
 -1.0          0.432112    -0.130884   -0.142005   -0.195713    0.301518     0.0809854   -0.0230026  -0.0809234  -0.0893602   0.127938     0.114623    -0.491041    -0.00289022  -0.206654
 -0.566328    -1.0         -0.167427    0.0675514   0.0459274   0.429684    -0.0579862    0.361296   -0.241274    0.0127252  -0.113556    -0.0368532   -0.0818564   -0.395206    -0.122096
  0.0972864    0.572316    -1.0         0.348281    0.678677    0.0840886   -0.140016    -0.0661406   0.0395502  -0.0256158  -0.141522    -0.250138    -0.0452753    0.273405     0.564405
 -0.135426    -0.891282    -0.187044   -1.0        -0.329054   -0.31027     -0.332806    -0.103976    0.191244   -0.411369   -0.0692468    0.524229     0.0735834   -0.0110502   -0.107808
  0.499525    -0.247781    -0.164831    0.540838   -1.0        -0.259825     0.141267     0.147213    0.642893    0.167856    0.0885498    0.0344861   -0.00957647  -0.0957121    0.201788
  0.142891    -0.159736     0.571611   -0.135488   -0.20377    -1.0         -0.00385847   0.266998    0.303822   -0.44717    -0.499238    -0.398332     0.370806    -0.127565     0.0658814
 -0.102992    -0.499766    -0.157704    0.28615    -0.23265    -0.517455    -1.0          0.330778   -0.156045    0.0444027  -0.00286878   0.319879     0.633304    -0.165176    -0.272661
 -0.0343335   -0.719591     0.23865    -0.0406693  -0.306514    0.0627891    0.0774329   -1.0        -0.340868    0.207482   -0.0178629   -0.0339175   -0.326555    -0.557881     0.0476347
 -0.900671     0.296535    -0.0302506  -0.591722   -0.046701   -0.112814    -0.208454     0.0684534  -1.0         0.268528    0.131752    -0.151563     0.248558     0.142457    -0.514977
  0.00241746  -0.0132479   -0.0919651   0.159246    0.15059     0.260796    -0.374734    -0.151735   -0.770938   -1.0         0.107962     0.0517469   -0.115963    -0.703369     0.197458
  0.0663345   -0.434111     0.0123796  -0.198233    0.168837   -0.255713    -0.0656858   -0.511159    0.0175317   0.204669   -1.0          0.0336053   -0.315824    -0.0677827   -0.264387
 -0.146059     0.420281    -0.269706   -0.418971   -0.316976   -0.272251     0.49898      0.0598528  -0.411533   -0.208179   -0.0718006   -1.0         -0.209728    -0.0202093   -0.112995
 -0.267894     0.454248     0.275494   -0.13045    -0.0245683   0.46137     -0.356045    -0.25301    -0.0435971  -0.544973   -0.527686     0.106446    -1.0         -0.0167157   -0.147854
  0.00241655  -0.0103355   -0.148345   -0.173694    0.20652    -0.614302    -0.498015     0.27717     0.509476   -0.314855   -0.209177    -0.325734    -0.474158    -1.0         -0.433224
  0.296838    -0.00234242   0.057629    0.0603858   0.21571    -0.00637224  -0.189251    -0.588887    0.0995557   0.294739   -0.207531    -0.00779269   0.191324    -0.248655    -1.0

==================================
r vectors:
(T = 1)
15-element Vector{Float64}:
 2.795279592003492
 1.895883029937423
 2.365446864583088
 2.5887651625493566
 2.400381748252731
 2.2931059804237117
 1.9495785047728247
 1.8839521115528026
 2.1572885972959814
 2.1789745347722724
 2.5574220633019262
 1.9341633765114328
 2.1047207250455204
 1.700053730960447
 2.685841674819356
