==================================
Setup:
N: 15
T: 1
add: 1.0
del: 3.0
nat: 0.1
temp: 5.0
Source: Generated
A parameters: Normal{Float64}(μ=-0.07498799915476266, σ=0.28535680382806683)
r parameters: Normal{Float64}(μ=2.2267028066467236, σ=0.3198115664893998)
portion: 1.0
scaling: 1.0

==================================
Statistics:
Proportion of candidate states: 0.1871337890625
Candidate states: 6132
Total states: 32768
Total candidate pairs evaluated: 1000
Total natural transitions: 26630

Path length diff avg: -0.456
Path length diff val: [5, -3, -6, 1, 0, -5, -1, -2, 3, 2, -4]
Path length diff count: [1, 58, 3, 141, 397, 19, 171, 105, 18, 60, 27]

Cost improvement avg: 5.1832
Cost improvement val: [9.6, 3.8, 8.8, 6.9, 7.8, 6.8, 4.9, 14.8, 10.6, 10.9, 4.5, 9.9, 8.7, 12.8, 0.7, 9.8, 2.9, 7.9, 5.6, 13.6, 12.9, 1.9, 13.8, 17.9, 11.8, 2.7, 0.0, 8.9, 0.9, 0.8, 4.8, 2.8, 12.7, 3.9, 5.9, 5.8, 15.8, 11.7, 3.7, 5.7, 7.7, 13.7, 1.8, 10.7, 4.7, 6.7, 15.7, 9.7, 11.9, 13.9, 16.8, 10.8, 14.7]
Cost improvement count: [1, 31, 35, 12, 40, 29, 41, 3, 1, 5, 1, 2, 8, 7, 1, 18, 137, 23, 2, 1, 3, 65, 7, 1, 18, 1, 142, 32, 13, 9, 31, 10, 7, 23, 80, 43, 2, 8, 11, 10, 11, 3, 12, 3, 6, 4, 1, 14, 10, 3, 5, 13, 1]

==================================
A matrices:
(T = 1)
15×15 Matrix{Float64}:
 -1.0         -0.249468   -0.393122     0.313387    0.0141726   -0.346701    0.351982   -0.23704    -0.265516     0.0497508   0.366638   -0.226539     -0.389113   -0.29731     -0.327561
 -0.350305    -1.0        -0.395176    -0.0763492  -0.108083    -0.0648432   0.0903003  -0.287069    0.221226     0.0220655   0.303228    0.0658045     0.101559   -0.143888    -0.0113593
  0.00434203  -0.296999   -1.0          0.654724    0.210221    -0.214422   -0.0173041  -0.633146    0.00923192  -0.529872    0.143988    0.21563      -0.234914   -0.0624622   -0.467862
  0.0637402   -0.427461    0.0720042   -1.0        -0.0881086   -0.117337   -0.401535   -0.431347   -0.503908    -0.17902    -0.0278826  -0.0806671     0.0890169   0.128964    -0.22815
 -0.105379    -0.246668   -0.274437     0.0018942  -1.0          0.253417    0.434605    0.0886606  -0.190468    -0.0760575  -0.201389   -0.403296      0.379136   -0.0754213   -0.0325393
 -0.0283446   -0.271454   -0.212487    -0.0118199  -0.0721487   -1.0        -0.0684281  -0.169308    0.165255     0.112281    0.016521   -0.269765     -0.305201   -0.0143336   -0.181066
  0.368486     0.423455   -0.0810848    0.180599   -0.276512    -0.193692   -1.0        -0.139669   -0.39119     -0.552204   -0.152638    0.0943482    -0.605651    0.0175407    0.595262
 -0.548977    -0.22825     0.294699     0.245471   -0.0409013    0.307919    0.368143   -1.0         0.0390978   -0.0180608   0.0792371   0.000446184   0.0562149  -0.076651    -0.10408
  0.361595     0.0649498  -0.0354983   -0.291133   -0.36405     -0.320351   -0.557836   -0.147067   -1.0         -0.526013   -0.133217    0.129314      0.153062   -0.162011    -0.148177
 -0.54692     -0.214275    0.205148    -0.362941   -0.0669685    0.382501   -0.130233    0.205949    0.00359269  -1.0        -0.0148758  -0.0564783    -0.273363   -0.866746    -0.412684
 -0.326957    -0.149169    0.00741049   0.344729   -0.140509    -0.272812   -0.313604   -0.404014    0.160354    -0.116719   -1.0         0.0221315    -0.582441   -0.00845991   0.473235
  0.0301943   -0.271537    0.060388    -0.0285485  -0.331612    -0.260765   -0.468803   -0.284616   -0.268882    -0.304235   -0.0638964  -1.0          -0.07428     0.41275     -0.504095
 -0.103105     0.351498   -0.0730167    0.0715821  -0.613025     0.190044   -0.0501124  -0.284576    0.378616    -0.213534    0.168485   -0.094758     -1.0         0.0531064   -0.251122
  0.663003     0.042556    0.185103     0.0905226  -0.00772868  -0.0969944  -0.290943   -0.305583   -0.14199     -0.325847    0.0876952   0.339155      0.725608   -1.0          0.189122
  0.125568    -0.454054    0.125639     0.14145     0.109389    -0.835037    0.406115   -0.279978   -0.141499     0.0484691  -0.303671    0.219003     -0.173958   -0.721954    -1.0

==================================
r vectors:
(T = 1)
15-element Vector{Float64}:
 2.1078999089492476
 2.3682441186650065
 1.8262240522165676
 2.053877828569649
 2.267087387012597
 2.7192965223400356
 2.3597511648793628
 2.1254427260831568
 1.7607793279767776
 2.2603722931458194
 1.7138974894318184
 1.642201690780317
 2.9984249139172157
 2.0480211658630947
 1.9187542136856854
