==================================
Setup:
N: 15
T: 1
add: 1.0
del: 3.0
nat: 0.1
temp: 5.0
Source: Generated
A parameters: Normal{Float64}(μ=-0.07498799915476266, σ=0.28535680382806683)
r parameters: Normal{Float64}(μ=2.2267028066467236, σ=0.3198115664893998)
portion: 1.0
scaling: 1.0

==================================
Statistics:
Proportion of candidate states: 0.3675537109375
Candidate states: 12044
Total states: 32768
Total candidate pairs evaluated: 1000
Total natural transitions: 20717

Path length diff avg: -0.508
Path length diff val: [-3, -6, 1, 0, -5, -1, -2, 3, -7, 4, 2, -4]
Path length diff count: [45, 7, 157, 405, 13, 169, 124, 5, 3, 3, 44, 25]

Cost improvement avg: 5.418999999999997
Cost improvement val: [1.7, 9.6, 3.8, 8.8, 6.9, 7.8, 8.6, 6.8, 8.5, 4.9, 14.8, 10.9, 4.5, 9.9, 8.7, 12.8, 0.7, 9.8, 2.9, 7.9, 6.6, 16.6, 18.6, 4.6, 14.5, 6.5, 11.5, 5.6, 3.6, 12.9, 1.9, 17.6, 13.8, 11.8, 2.7, 0.0, 14.9, 8.9, 0.9, 0.8, 4.8, 2.8, 12.7, 3.5, 3.9, 2.6, 16.7, 5.9, 5.8, 15.8, 11.7, 3.7, 5.7, 7.7, 13.7, 12.6, 1.8, 10.7, 4.7, 11.6, 6.7, 18.7, 15.7, 9.7, 11.9, 16.8, 10.8, 14.7]
Cost improvement count: [2, 3, 26, 51, 17, 34, 2, 32, 2, 36, 5, 8, 1, 4, 8, 5, 3, 29, 153, 21, 1, 1, 1, 2, 2, 1, 1, 3, 1, 2, 45, 1, 3, 15, 2, 108, 4, 24, 24, 12, 35, 6, 6, 1, 29, 2, 1, 72, 38, 1, 9, 4, 9, 10, 6, 1, 13, 11, 7, 1, 16, 2, 1, 7, 3, 1, 11, 2]

==================================
A matrices:
(T = 1)
15×15 Matrix{Float64}:
 -1.0        -0.691871   -0.0673136   0.06723    -0.113603    -0.20936    0.133652    0.172598   -0.185328     -0.612603    0.142209    0.296409     0.229001    0.239651    0.155719
 -0.722574   -1.0         0.477957   -0.0179387   0.0443091    0.033852   0.0161717   0.552973    0.000571634  -0.531077   -0.154684    0.332141    -0.421419   -0.240055   -0.190453
  0.0593634  -0.44138    -1.0        -0.259059   -0.26251      0.80314    0.140817    0.364953    0.306065     -0.502136    0.376374    0.211989    -0.165312   -0.659549   -0.0681398
 -0.0446551  -0.122338   -0.223492   -1.0        -0.279277    -0.357508   0.367515   -0.0527791   0.168127      0.56452    -0.223265    0.237327    -0.011119    0.268293   -0.381368
  0.203045   -0.16021    -0.0651269   0.0495662  -1.0         -0.187847  -0.282664    0.450863    0.173398     -0.0306191  -0.205555    0.172696    -0.164226   -0.460767   -0.26351
  0.0860332  -0.212004   -0.0520894  -0.0364142   0.393743    -1.0       -0.269336   -0.029557   -0.525544     -0.308593   -0.339427    0.0208354    0.0602417  -0.410026   -0.133429
  0.101324   -0.218328    0.604798    0.0322767  -0.488417    -0.210622  -1.0        -0.183245    0.197124     -0.366844   -0.38827    -0.244532    -0.569469    0.118293   -0.254151
 -0.221565    0.0734539  -0.356921    0.1637      0.109289    -0.152747  -0.0190585  -1.0        -0.0288199     0.184442    0.0119635  -0.0501325   -0.228926   -0.24654    -0.0890297
 -0.593334   -0.307857   -0.0872143  -0.38186    -0.285722    -0.297394  -0.116327    0.0745235  -1.0          -0.150337   -0.300712    0.423811     0.276482   -0.399602   -0.246553
  0.031872   -0.2023     -0.249134    0.0107247  -0.134796    -0.301385  -0.428542    0.236772   -0.0357867    -1.0        -0.365619   -0.339754     0.127164   -0.124094    0.199673
  0.513155   -0.100887    0.105787    0.0888144  -0.576409    -0.102058  -0.22096     0.163279   -0.360729     -0.316412   -1.0         0.00790384   0.15173    -0.360831   -0.342702
 -0.196009   -0.0516752  -0.260009    0.174402   -0.00112235  -0.342663  -0.11265     0.0702582   0.0954798    -0.242041    0.225519   -1.0          0.272003   -0.0788363  -0.429256
 -0.356885   -0.458847   -0.531985   -0.386378   -0.0357374   -0.405009   0.0507887   0.11699     0.165517      0.191335    0.375809    0.0440006   -1.0         0.0250543   0.393413
 -0.502848    0.175931    0.235877    0.0978307  -0.152595    -0.343814   0.0802726  -0.182063   -0.0378318     0.164809   -0.0790622  -0.211717    -0.401854   -1.0        -0.265711
 -0.155117    0.115611   -0.189374   -0.20362    -0.125897     0.259688   0.426647   -0.328127    0.0171049     0.317785   -0.197931    0.180174    -0.0913094   0.0405745  -1.0

==================================
r vectors:
(T = 1)
15-element Vector{Float64}:
 1.8071408252188381
 2.136404077549319
 2.0784522234288425
 1.9182604951179898
 2.199580917179314
 1.8058676866589252
 2.432333694541537
 2.274354898824285
 1.8936591806390084
 2.3930907700758315
 2.38060313962112
 2.0037818064700055
 1.868943493837209
 2.3140119097152674
 2.1904260399656557
