==================================
Setup:
N: 15
T: 1
add: 1.0
del: 3.0
nat: 0.1
temp: 5.0
Source: Generated
A parameters: Normal{Float64}(μ=-0.07498799915476266, σ=0.28535680382806683)
r parameters: Normal{Float64}(μ=2.2267028066467236, σ=0.3198115664893998)
portion: 1.0
scaling: 1.0

==================================
Statistics:
Proportion of candidate states: 0.358551025390625
Candidate states: 11749
Total states: 32768
Total candidate pairs evaluated: 1000
Total natural transitions: 21019

Path length diff avg: -0.653
Path length diff val: [5, -3, -6, 1, 0, -5, -1, -2, 3, -7, -9, 2, -4]
Path length diff count: [1, 81, 4, 134, 443, 15, 149, 101, 8, 2, 1, 24, 37]

Cost improvement avg: 4.708000000000002
Cost improvement val: [1.7, 9.6, 3.8, 8.8, 6.9, 7.8, 8.6, 6.8, 4.9, 14.8, 10.6, 10.9, 9.9, 8.7, 12.8, 0.7, 9.8, 2.9, 7.9, 6.6, 12.5, 5.6, 12.9, 1.9, 17.9, 11.8, 2.7, 0.0, 8.9, 0.9, 0.8, 4.8, 2.8, 12.7, 2.4, 3.9, 5.9, 5.8, 15.8, 11.7, 3.7, 18.8, 5.7, 7.7, 12.6, 1.8, 10.7, 4.7, 11.6, 6.7, 9.7, 11.9, 10.8, 14.7, 17.7]
Cost improvement count: [1, 2, 42, 27, 7, 37, 1, 30, 45, 5, 2, 1, 3, 7, 8, 1, 12, 162, 15, 1, 1, 1, 1, 65, 1, 7, 3, 149, 22, 13, 13, 39, 15, 10, 1, 12, 86, 56, 1, 5, 11, 1, 5, 11, 1, 11, 7, 4, 1, 5, 8, 5, 17, 1, 2]

==================================
A matrices:
(T = 1)
15×15 Matrix{Float64}:
 -1.0        -0.029925    -0.0457077   0.370347    0.205625    -0.129823   -0.00874839   0.0504905  -0.25696     0.21853    -0.268016    0.156751   -0.130285    0.128138   -0.256057
 -0.240672   -1.0          0.084653   -0.343481    0.228723     0.217802   -0.0335027   -0.0423046  -0.0606648   0.0364709  -0.266546   -0.0603669  -0.081469   -0.0522056  -0.0998003
  0.148546   -0.00330589  -1.0        -0.677852    0.00256328  -0.286412   -0.189328     0.259682   -0.303756   -0.77       -0.13628    -0.607304   -0.511313    0.290345    0.088612
  0.344867    0.618844     0.625578   -1.0         0.170665     0.0577994  -0.758641     0.385529    0.0655627  -0.328203   -0.20801    -0.0858048   0.328231   -0.215555   -0.238846
  0.0996295  -0.325465     0.0655622  -0.0315015  -1.0          0.131808    0.0862362    0.46062    -0.24525     0.0805012   0.131396   -0.561237    0.303967    0.542537    0.21407
 -0.426955    0.207683     0.0728516  -0.104796   -0.618298    -1.0         0.128878    -0.258866    0.0197482   0.216498   -0.227807   -0.0413624  -0.0420252  -0.187566   -0.0584104
  0.263441    0.233435     0.020227   -0.110979   -0.123059    -0.458347   -1.0         -0.0776095  -0.216415    0.0365303   0.13738    -0.500651    0.0446143  -0.0580402  -0.117179
  0.0349535  -0.373598    -0.467601   -0.0990656   0.0113159    0.122304    0.717377    -1.0         0.0452575  -0.0756948  -0.0169697   0.608824    0.315926   -0.0833603  -0.318673
  0.165633    0.0375754   -0.0765763  -0.316892   -0.252996    -0.346931    0.072496     0.35815    -1.0         0.223271   -0.431612    0.0200316  -0.325938   -0.0180098   0.0510494
  0.285555   -0.191397    -0.286456   -0.0943274   0.166132    -0.0633678  -0.318055     0.17054    -0.264528   -1.0         0.354012    0.0535532  -0.14264     0.0923171  -0.00447445
  0.159615   -0.622858     0.0667192  -0.218692    0.276372     0.124377    0.0810514    0.0077746  -0.431879    0.36311    -1.0        -0.19549     0.084687   -0.219739   -0.0855248
 -0.0976697  -0.440735    -0.485288    0.311308   -0.430914     0.302274   -0.23182     -0.169029   -0.12229    -0.408551    0.0600244  -1.0        -0.405172    0.266879   -0.172002
  0.16484    -0.435119    -0.335937    0.430049    0.361311    -0.149392    0.266553     0.138669   -0.14966    -0.476741   -0.179149    0.495331   -1.0         0.0458802  -0.243432
  0.588699   -0.494482     0.386775   -0.224389   -0.122473    -0.120038   -0.308062     0.121934   -0.0187261  -0.107601    0.0558606  -0.154346    0.125704   -1.0         0.622503
  0.30628     0.147763     0.124375    0.0540665  -0.46803     -0.204661   -0.217672     0.280691    0.210284    0.97336    -0.332974   -0.196977   -0.514662   -0.0386987  -1.0

==================================
r vectors:
(T = 1)
15-element Vector{Float64}:
 2.3018372420702606
 2.130137769479351
 1.9497652485139154
 2.5750471912318877
 2.102060137288209
 2.2611059918500085
 2.5320462199215856
 2.3002969353950626
 2.23487143374316
 1.9590042123060654
 2.3188920604657532
 2.5253248010966245
 2.1174799863420146
 1.9112553019520462
 2.7874398684766932
