==================================
Setup:
N: 15
T: 1
add: 1.0
del: 3.0
nat: 0.1
temp: 5.0
Source: Generated
A parameters: Normal{Float64}(μ=-0.07498799915476266, σ=0.28535680382806683)
r parameters: Normal{Float64}(μ=2.2267028066467236, σ=0.3198115664893998)
portion: 1.0
scaling: 1.0

==================================
Statistics:
Proportion of candidate states: 0.2567138671875
Candidate states: 8412
Total states: 32768
Total candidate pairs evaluated: 1000
Total natural transitions: 24350

Path length diff avg: -0.659
Path length diff val: [-3, -6, 1, 0, -5, -1, -2, 3, -8, 4, 2, -4]
Path length diff count: [70, 1, 130, 359, 8, 182, 121, 13, 1, 1, 52, 62]

Cost improvement avg: 6.119
Cost improvement val: [1.7, 17.8, 9.6, 3.8, 8.8, 6.9, 7.8, 8.6, 6.8, 4.9, 14.8, 10.6, 10.9, 9.9, 8.7, 12.8, 9.8, 2.9, 7.9, 6.6, 19.8, 15.9, 3.6, 13.6, 12.9, 1.9, 13.8, 11.8, 0.0, 14.9, 8.9, 0.9, 0.8, 4.8, 2.8, 12.7, 3.9, 16.7, 5.9, 5.8, 15.8, 21.7, 11.7, 3.7, 18.8, 5.7, 7.7, 13.7, 1.8, 10.7, 4.7, 6.7, 18.7, 15.7, 9.7, 11.9, 13.9, 24.7, 16.8, 10.8, 14.7]
Cost improvement count: [1, 1, 1, 50, 45, 22, 40, 2, 31, 30, 5, 2, 14, 14, 5, 12, 25, 116, 19, 1, 1, 3, 1, 1, 5, 45, 13, 29, 103, 2, 29, 13, 7, 25, 7, 2, 26, 3, 81, 44, 5, 1, 6, 3, 1, 3, 9, 4, 9, 11, 6, 11, 1, 1, 8, 6, 4, 1, 2, 29, 3]

==================================
A matrices:
(T = 1)
15×15 Matrix{Float64}:
 -1.0         0.102432   -0.511219    -0.315194    -0.249238   -0.0348708  -0.544127    0.378918     0.202785      0.314425    -0.298522    0.193263    -0.287973   -0.0803989   0.12579
  0.72258    -1.0        -0.293584    -0.551388    -0.415368   -0.0537024   0.255509    0.0907633   -0.156227      0.201339     0.200685   -0.277663     0.422462    0.44006    -0.0768189
 -0.0140145   0.244554   -1.0          0.00510429  -0.26214     0.165577    0.350337    0.19531     -0.0552925     0.244355    -0.54233    -0.604587    -0.190227   -0.011266    0.0441179
 -0.440182   -0.131624    0.43614     -1.0          0.0479217  -0.0921458  -0.724162   -0.00254752   0.366255      0.00184666   0.18422    -0.146555     0.249524   -0.17059    -0.198766
 -0.728719   -0.390745   -0.604928     0.118949    -1.0         0.378071   -0.0550914  -0.291518    -0.595835      0.220829     0.0672441  -0.26112     -0.283963   -0.445155    0.269677
 -0.0133003  -0.71871     0.319303    -0.371019     0.236771   -1.0        -0.200242    0.00663066   0.248171      0.0128343   -0.323902    0.0692575   -0.188167    0.198922   -0.0543784
 -0.567124    0.497572   -0.335937     0.0113531   -0.154158   -0.0197147  -1.0        -0.0544598    0.0492281     0.0292587   -0.103217    0.0940092    0.108588   -0.11032    -0.162422
  0.0261696   0.220288   -0.231382     0.414088    -0.118785   -0.369174    0.0374525  -1.0         -0.0852238    -0.324737    -0.163222    0.0196251    0.0223299  -0.178834   -0.261455
 -0.448466   -0.385815    0.286741    -0.264483    -0.480187    0.0390505   0.0459396  -0.0264963   -1.0           0.171095    -0.351889    0.293955    -0.0650207  -0.133857    0.12059
  0.235322    0.188718   -0.650318     0.403312    -0.20425    -0.376171    0.176177    0.069165    -0.000581072  -1.0          0.129855    0.256606    -0.182845    0.255387   -0.0437958
 -0.61053    -0.479344   -0.210828    -0.392195    -0.745181   -0.0500396  -0.173312   -0.111342    -0.197338     -0.454639    -1.0        -0.109754    -0.0681588   0.509038   -0.293069
  0.057041    0.0929605  -0.00279546  -0.0188224    0.0967618   0.3745      0.259361   -0.271508    -0.685175      0.077647    -0.139152   -1.0          0.16975    -0.27454     0.0457272
 -0.498967   -0.0613723   0.22648      0.568652    -0.120495   -0.26927     0.2681      0.21721     -0.683429     -0.0403776   -0.310882   -0.289034    -1.0         0.239533    0.519092
 -0.296815    0.927177   -0.446263    -0.201535    -0.112911    0.0544684   0.114794    0.252649     0.341873     -0.0284248    0.0954942  -0.00700298  -0.351146   -1.0         0.0347961
 -0.340852    0.620878    0.103647    -0.0827134    0.135451   -0.289931   -0.080047   -0.110375     0.490282      0.254471    -0.0200938  -0.235944    -0.207074   -0.481858   -1.0

==================================
r vectors:
(T = 1)
15-element Vector{Float64}:
 2.0645883666073086
 2.513390307754942
 2.1013592148707128
 1.9607330893929753
 2.446175006108174
 1.7344734039041503
 2.1349752501895125
 1.4975424948971134
 2.2970841717786072
 2.148950040555678
 1.986329845467274
 2.2426721189141334
 2.3922162613456206
 2.3400345115021675
 2.186391822160296
