==================================
Setup:
N: 15
T: 1
add: 1.0
del: 3.0
nat: 0.1
temp: 5.0
Source: Generated
A parameters: Normal{Float64}(μ=-0.07498799915476266, σ=0.28535680382806683)
r parameters: Normal{Float64}(μ=2.2267028066467236, σ=0.3198115664893998)
portion: 1.0
scaling: 1.0

==================================
Statistics:
Proportion of candidate states: 0.326171875
Candidate states: 10688
Total states: 32768
Total candidate pairs evaluated: 1000
Total natural transitions: 22080

Path length diff avg: -0.389
Path length diff val: [0, -5, -1, 2, -3, -6, -4, -2, 3, 1]
Path length diff count: [453, 5, 162, 43, 63, 2, 20, 91, 7, 154]

Cost improvement avg: 4.9592
Cost improvement val: [1.7, 9.6, 3.8, 8.8, 6.9, 7.8, 6.8, 4.9, 14.8, 10.6, 10.9, 8.7, 12.8, 0.7, 9.8, 2.9, 7.9, 4.6, 14.6, 11.5, 5.6, 3.6, 1.9, 13.8, 11.8, 2.7, 0.0, 8.9, 0.9, 0.8, 4.8, 2.8, 12.7, 7.6, 3.9, 5.9, 5.8, 11.7, 3.7, 5.7, 7.7, 13.7, 12.6, 1.8, 10.7, 4.7, 11.6, 6.7, 15.7, 9.7, 11.9, 10.8, 14.7, 17.7]
Cost improvement count: [1, 1, 29, 43, 8, 34, 25, 34, 2, 5, 8, 10, 1, 1, 10, 153, 14, 1, 1, 1, 1, 2, 52, 3, 12, 5, 137, 21, 13, 14, 46, 13, 5, 3, 13, 80, 76, 12, 10, 7, 13, 4, 3, 12, 8, 6, 3, 12, 2, 10, 4, 13, 2, 1]

==================================
A matrices:
(T = 1)
15×15 Matrix{Float64}:
 -1.0        -0.0153264   0.0133177   0.141661    -0.0588691  -0.0991489   0.213886    0.100498   -0.222366  -0.271643    0.517038     0.412036    -0.328739   -0.312843   -0.11591
 -0.299964   -1.0        -0.485106   -0.237275    -0.449248    0.550793    0.119542   -0.316934   -0.339543  -0.152894    0.22073     -0.00571093   0.218592   -0.131226    0.0375844
 -0.386394    0.0185644  -1.0        -0.0638396    0.118269   -0.424857   -0.371339   -0.58483    -0.455685   0.106211   -0.433602     0.0823426   -0.0558709  -0.249509    0.175873
  0.560935   -0.0348224   0.0478844  -1.0          0.147029   -0.66772    -0.0203929  -0.244591   -0.211952  -0.22241    -0.256782    -0.115833     0.450236   -0.0632106  -0.195775
  0.43347     0.325612   -0.0168515  -0.112392    -1.0         0.413299   -0.172434    0.119574   -0.212685  -0.100016    0.160592     0.100233    -0.238042   -0.0541028  -0.0816194
  0.160357    0.101853    0.21195    -0.338728    -0.410106   -1.0         0.266722   -0.0756257  -0.520429   0.0289932   0.00677363  -0.143706    -0.123585   -0.514215    0.72762
  0.24177    -0.290468    0.201542    0.220587    -0.617803   -0.129388   -1.0        -0.163142   -0.139055   0.336063   -0.226727    -0.1164      -0.209635   -0.210504   -0.446413
 -0.203163    0.107846   -0.452318   -0.564793    -0.107229   -0.684492    0.450771   -1.0        -0.167237   0.247001   -0.0872633   -0.246226    -0.314038   -0.168377    0.0412903
 -0.0604308   0.138595    0.059694    0.128018     0.242672    0.168991   -0.322822   -0.31664    -1.0       -0.626801    0.0781015   -0.200044     0.289826   -0.150262    0.203314
 -0.242644   -0.410855   -0.219238    0.104664    -0.0655387  -0.42246    -0.18199     0.0103696   0.173453  -1.0        -0.513966    -0.635535     0.0925262   0.401324    0.0368696
  0.0979461   0.0663816   0.0798568   0.265739    -0.207283    0.410622   -0.165087   -0.196553    0.105347  -0.0481321  -1.0          0.379916    -0.159429   -0.439354   -0.439811
 -0.274345   -0.224128   -0.6301     -0.0641914    0.182061   -0.307762   -0.093486   -0.639578   -0.449246   0.671541   -0.846903    -1.0         -0.251119   -0.223648    0.301291
 -0.124096   -0.592788    0.12319    -0.0899177   -0.109386   -0.246056   -0.27372     0.359638    0.408623   0.0124609   0.0622819    0.289204    -1.0        -0.449374   -0.144667
 -0.119614   -0.137491    0.141251   -0.288243     0.342519   -0.0396166  -0.0434496   0.0810066  -0.421936   0.221475    0.148797     0.103905    -0.119547   -1.0        -0.0221138
  0.174858   -0.0767189   0.0131941  -0.00486401  -0.0568532   0.107899   -0.0184165  -0.0574638  -0.225351  -0.143577   -0.0431551   -0.285265    -0.393762   -0.325973   -1.0

==================================
r vectors:
(T = 1)
15-element Vector{Float64}:
 2.476304863900784
 2.9398024351540255
 2.492062627005751
 2.4178322768594547
 2.4803428509944245
 2.0694166880068168
 1.8092651184704485
 1.9691994878801968
 1.6089556459934036
 2.399001566987494
 2.2812974402441673
 2.0304078027477375
 2.638736631378394
 2.2854096880407995
 2.3485355684474194
