==================================
Setup:
N: 15
T: 1
add: 1.0
del: 3.0
nat: 0.1
temp: 5.0
Source: Generated
A parameters: Normal{Float64}(μ=-0.07498799915476266, σ=0.28535680382806683)
r parameters: Normal{Float64}(μ=2.2267028066467236, σ=0.3198115664893998)
portion: 1.0
scaling: 1.0

==================================
Statistics:
Proportion of candidate states: 0.3427734375
Candidate states: 11232
Total states: 32768
Total candidate pairs evaluated: 1000
Total natural transitions: 21535

Path length diff avg: -0.387
Path length diff val: [-3, -6, 1, 0, -5, -1, -2, 3, 4, 2, -4]
Path length diff count: [39, 4, 148, 434, 9, 158, 124, 5, 2, 57, 20]

Cost improvement avg: 5.2696
Cost improvement val: [1.7, 17.8, 9.6, 3.8, 8.8, 6.9, 7.8, 8.6, 6.8, 8.5, 4.9, 14.8, 10.6, 10.9, 9.9, 8.7, 13.5, 12.8, 9.8, 2.9, 7.9, 6.6, 19.8, 4.6, 5.6, 13.6, 1.9, 17.6, 13.8, 11.8, 2.7, 0.0, 8.9, 0.9, 0.8, 4.8, 2.8, 12.7, 7.6, 3.9, 16.7, 5.9, 5.8, 15.8, 11.7, 3.7, 5.7, 7.7, 13.7, 12.6, 1.8, 10.7, 4.7, 6.7, 9.7, 11.9, 13.9, 10.8, 14.7]
Cost improvement count: [1, 1, 2, 22, 42, 7, 29, 1, 29, 1, 39, 1, 3, 8, 4, 8, 1, 8, 18, 178, 15, 1, 1, 1, 1, 1, 42, 1, 6, 23, 1, 119, 29, 29, 4, 43, 5, 9, 1, 19, 1, 77, 57, 1, 7, 5, 5, 10, 2, 1, 13, 10, 10, 11, 8, 3, 2, 19, 4]

==================================
A matrices:
(T = 1)
15×15 Matrix{Float64}:
 -1.0         0.251768    0.00989915  -0.335348    0.248233   -0.0139261  -0.105789    -0.288101    0.0988441  -0.128304   -0.140738     0.000641513   0.394322   -0.0522481  -0.516075
 -0.253669   -1.0         0.0177635   -0.279229   -0.0371467   0.0701251  -0.0951367   -0.658406   -0.013078   -0.068377   -0.489014    -0.200252     -0.186773    0.125909    0.0776418
 -0.181132    0.11233    -1.0          0.244704    0.201828    0.292705    0.00455705  -0.0917381   0.302219   -0.0266151  -0.382613     0.242838     -0.234357   -0.597481   -0.432681
 -0.0434193   0.246183   -0.461573    -1.0         0.293053   -0.590706   -0.370979    -0.167803    0.0276173   0.0798373  -0.112125    -0.222802      0.116825   -0.0997975  -0.30684
 -0.541587   -0.410066   -0.268649    -0.163641   -1.0         0.269126    0.179866    -0.247641   -0.350012   -0.0221499   0.0785698    0.0253096     0.255448   -0.0315034   0.0737379
  0.025473    0.150588   -0.427667     0.318191   -0.23042    -1.0        -0.164721     0.24326     0.026918    0.236184   -0.208702    -0.474709      0.121642    0.325402   -0.121163
 -0.0239738   0.119727    0.229378     0.0347658  -0.539552   -0.275656   -1.0          0.301063    0.137609    0.0893472  -0.409319     0.36411       0.276519   -0.286381    0.266915
 -0.395139    0.103244   -0.217003    -0.0780137  -0.506078   -0.429734   -0.424528    -1.0         0.0688419   0.167943   -0.0148758   -0.538842      0.0276029   0.146499    0.179182
  0.388852   -0.570945    0.376982    -0.167482   -0.135641   -0.2668      0.0520022    0.180927   -1.0        -0.293466   -0.338406    -0.480459      0.0321242  -0.223583   -0.0905957
 -0.677919   -0.144202   -0.254649    -0.536511   -0.185427   -0.114933   -0.0477584    0.193898    0.573618   -1.0        -0.0206702   -0.0887627     0.156401    0.115881   -0.11288
  0.08177    -0.367731   -0.0481048   -0.121702   -0.286468    0.242768   -0.570067    -0.633336    0.551591   -0.144217   -1.0         -0.684269      0.231127    0.154258   -0.168724
 -0.300324    0.0685722  -0.0897729    0.18636    -0.125306    0.127769    0.302224    -0.601417   -0.45728    -0.45625     0.458062    -1.0           0.23815    -0.263124    0.175769
 -0.0637404  -0.29233     0.331156    -0.052598    0.0640948  -0.183906    0.183786     0.0404038  -0.491086    0.441039   -0.00974679   0.153711     -1.0         0.191141    0.0555653
  0.094369   -0.322752    0.549306     0.660204   -0.568504   -0.0495889   0.152079    -0.195723   -0.35375    -0.146881   -0.0561102    0.0290975     0.376078   -1.0        -0.0448736
 -0.275929   -0.200402    0.178078    -0.220804    0.0864301  -0.424233    0.353054    -0.33028    -0.402575    0.551287   -0.160814     0.0647294    -0.119284   -0.768424   -1.0

==================================
r vectors:
(T = 1)
15-element Vector{Float64}:
 2.708178014711387
 2.1317538866823846
 2.4860834673366448
 2.6826418485488586
 2.295940887829233
 2.0438061252583637
 2.126799188382653
 2.543550210049906
 2.7288578230200624
 1.9391237418375873
 2.1504159314634963
 2.1472339045431292
 2.5249365291682837
 2.5555663355341913
 1.9657367402643773
