==================================
Setup:
N: 15
T: 1
add: 1.0
del: 3.0
nat: 0.1
temp: 5.0
Source: Generated
A parameters: Normal{Float64}(μ=-0.07498799915476266, σ=0.28535680382806683)
r parameters: Normal{Float64}(μ=2.2267028066467236, σ=0.3198115664893998)
portion: 1.0
scaling: 1.0

==================================
Statistics:
Proportion of candidate states: 0.251129150390625
Candidate states: 8229
Total states: 32768
Total candidate pairs evaluated: 1000
Total natural transitions: 24536

Path length diff avg: -0.585
Path length diff val: [-3, -6, 1, 0, -5, -1, -2, 3, 4, 2, -4]
Path length diff count: [70, 3, 132, 360, 15, 198, 125, 10, 2, 56, 29]

Cost improvement avg: 5.826800000000001
Cost improvement val: [1.7, 19.7, 10.4, 3.8, 8.8, 6.9, 7.8, 6.8, 8.5, 4.9, 14.8, 10.9, 9.9, 8.7, 12.8, 9.8, 2.9, 7.9, 6.6, 12.9, 1.9, 13.8, 11.8, 2.7, 0.0, 14.9, 8.9, 0.9, 0.8, 4.8, 21.6, 2.8, 12.7, 7.6, 3.9, 16.7, 5.9, 5.8, 15.8, 11.7, 3.7, 18.8, 5.7, 7.7, 13.7, 1.8, 10.7, 4.7, 11.6, 6.7, 21.8, 15.7, 9.7, 11.9, 13.9, 16.8, 10.8, 14.7]
Cost improvement count: [1, 1, 1, 22, 39, 33, 47, 36, 1, 32, 3, 7, 12, 6, 15, 25, 114, 16, 1, 4, 57, 11, 28, 1, 110, 1, 28, 20, 7, 48, 1, 13, 4, 1, 26, 1, 74, 47, 5, 7, 2, 1, 1, 13, 3, 11, 4, 1, 1, 6, 1, 3, 4, 7, 2, 3, 29, 2]

==================================
A matrices:
(T = 1)
15×15 Matrix{Float64}:
 -1.0         0.505837   -0.389307    0.300381   -0.15152    -0.000739054  -0.687294   -0.43176      0.0761539  -0.151704     0.0593202   0.339592    -0.437047    0.317556    -0.14619
  0.407399   -1.0        -0.0743659  -0.133796   -0.308534    0.350458     -0.163813   -0.0493331   -0.120304    0.27976      0.112702    0.173194    -0.245106   -0.214482    -0.148655
  0.371505   -0.179202   -1.0         0.0496409   0.370439   -0.290061      0.311895    0.0680078   -0.126496   -0.133977     0.0860184   0.368127     0.349004   -0.522337    -0.184419
 -0.336442   -0.868637   -0.226815   -1.0        -0.450925   -0.0700895    -0.410067    0.0886193    0.427277    0.0612099    0.555177    0.00160068   0.313927   -0.198826    -0.0172687
  0.290757   -0.0915523   0.293935    0.244175   -1.0         0.152994     -0.0183056   0.310706     0.582639   -0.19316     -0.234191   -0.180523    -0.488459    0.115595    -0.55864
  0.511149   -0.271133    0.0864746  -0.309427   -0.788636   -1.0          -0.0176055  -0.319947    -0.194186   -0.0283633    0.101568   -0.23511     -0.32346    -0.0628912   -0.402556
 -0.333553    0.125847   -0.769692   -0.341851   -0.931822   -0.0682133    -1.0         0.00107395   0.0314936  -0.556594    -0.665473   -0.0741026   -0.0846358   0.174276     0.320368
 -0.617042    0.186544   -0.25346     0.705011   -0.0728896   0.0497177     0.215634   -1.0         -0.383907    0.1381      -0.029079    0.212353    -0.219299   -0.677348    -0.15628
  0.133141   -0.0821112  -0.434532    0.153404    0.220511    0.427235     -0.0817715  -0.155773    -1.0         0.482406    -0.484301    0.209455    -0.0714527  -0.477563    -0.115242
 -0.122415   -0.164034    0.092383   -0.187432    0.151779   -0.0873481     0.119892   -0.191159     0.794962   -1.0         -0.0492422  -0.208245    -0.576052   -0.00690878  -0.0950314
 -0.0672286  -0.139319    0.0421467   0.2502     -0.043786   -0.105778      0.166393   -0.0739258   -0.569655    0.0183842   -1.0        -0.258105     0.068632    0.073098    -0.212868
  0.423543    0.210188   -0.0844637   0.316068   -0.433101   -0.212435      0.0151861  -0.119725    -0.547805    0.48945     -0.219855   -1.0         -0.264865    0.039024     0.348948
 -0.0858908  -0.684071   -0.32635    -0.102272   -0.149732   -0.174572     -0.458194    0.215654    -0.33236     0.176566     0.0199302  -0.26132     -1.0        -0.106812    -0.217915
 -0.470431   -0.184822   -0.355848    0.154187    0.397416   -0.0805488     0.232505    0.0192726    0.133466   -0.0210237   -0.0757686  -0.280838    -0.228558   -1.0         -0.0419485
  0.0715365  -0.0921699   0.112628    0.390149    0.0673024   0.0125041    -0.174263   -0.146773    -0.0321142   0.00254723  -0.11408     0.18721      0.335351    0.321039    -1.0

==================================
r vectors:
(T = 1)
15-element Vector{Float64}:
 2.1577664941031096
 2.110000102800968
 2.538054768672197
 2.23241725807301
 2.178700574140212
 2.0039447027101565
 2.5463174597079443
 2.0475550199960573
 2.345188687268258
 1.7744273276774647
 2.408102271408147
 2.5095796980250302
 2.6123570597157943
 1.8207659093690407
 2.0616138090252893
