==================================
Setup:
N: 15
T: 1
add: 1.0
del: 3.0
nat: 0.1
temp: 5.0
Source: Generated
A parameters: Normal{Float64}(μ=-0.07498799915476266, σ=0.28535680382806683)
r parameters: Normal{Float64}(μ=2.2267028066467236, σ=0.3198115664893998)
portion: 1.0
scaling: 1.0

==================================
Statistics:
Proportion of candidate states: 0.17071533203125
Candidate states: 5594
Total states: 32768
Total candidate pairs evaluated: 1000
Total natural transitions: 27173

Path length diff avg: -0.599
Path length diff val: [-3, -6, 1, 0, -5, -1, -2, 3, -7, 4, 2, -4]
Path length diff count: [47, 4, 131, 387, 10, 178, 145, 9, 2, 3, 44, 40]

Cost improvement avg: 5.4171000000000005
Cost improvement val: [17.7, 17.8, 9.6, 3.8, 8.8, 6.9, 7.8, 6.8, 4.9, 14.8, 10.6, 10.9, 9.9, 8.7, 15.6, 12.8, 9.8, 2.9, 7.9, 6.6, 9.5, 4.6, 13.6, 1.9, 13.8, 11.8, 2.7, 0.0, 14.9, 8.9, 0.9, 0.8, 4.8, 2.8, 12.7, 7.6, 3.9, 5.9, 5.8, 11.7, 3.7, 5.7, 7.7, 13.7, 12.6, 1.8, 10.7, 4.7, 11.6, 6.7, 18.7, 15.7, 9.7, 11.9, 16.8, 10.8, 14.7, 0.6]
Cost improvement count: [1, 1, 1, 35, 47, 13, 33, 38, 28, 6, 1, 4, 3, 13, 1, 12, 17, 155, 16, 2, 1, 1, 2, 37, 8, 14, 4, 114, 2, 25, 30, 13, 43, 5, 6, 1, 16, 62, 48, 12, 5, 4, 12, 6, 1, 16, 11, 15, 1, 19, 1, 1, 9, 3, 2, 17, 5, 1]

==================================
A matrices:
(T = 1)
15×15 Matrix{Float64}:
 -1.0       -0.336886     0.0232048    0.077388   -0.201514    -0.657366   -0.632972   -0.42513     -0.234703    -0.0898398   -0.347193   -0.540966    0.158065   -0.00317187   0.0310448
  0.140136  -1.0          0.0318717   -0.625904   -0.202664    -0.33939     0.036322   -0.0324998    0.569226    -0.00604226   0.0536953   0.0209764   0.247334   -0.348554    -0.0708913
 -0.408601  -0.548851    -1.0         -0.0314784   0.164766     0.215731    0.0180671   0.0720484   -0.218373     0.304408    -0.681546   -0.25086    -0.464554    0.255905    -0.213204
  0.098705   0.364191     0.0249285   -1.0        -0.00460241  -0.331412   -0.346505   -0.0356165   -0.400297     0.18071      0.0458262  -0.264293   -0.0682975  -0.150205    -0.254636
 -0.121744  -0.565531     0.10436     -0.159272   -1.0          0.0926668   0.148828    0.039137     0.0539618    0.191457     0.435823   -0.437437    0.148996   -0.0468571    0.126783
  0.153936   0.258887     0.00127187   0.48126    -0.390471    -1.0        -0.217858   -0.59459      0.385906    -0.0915477   -0.0853968  -0.385629   -0.223766   -0.255754    -0.0345424
  0.300384   0.240956    -0.382659     0.0454782  -0.262026    -0.34734    -1.0        -0.215421     0.027486     0.0491722    0.0461803   0.0739518   0.211076    0.27273      0.636507
  0.155809  -0.227405    -0.480526    -0.10767    -0.084363    -0.467591   -0.169654   -1.0          0.355203    -0.814987    -0.0549468  -0.354745   -0.314452   -0.25487     -0.601626
 -0.450983  -0.00277038  -0.250627     0.133532   -0.116581     0.282518    0.0398212   0.114445    -1.0         -0.0230365   -0.535214   -0.11029    -0.148394   -0.245681     0.0380063
 -0.353403   0.148098    -0.140296    -0.0555946  -0.0438354   -0.116638   -0.702405   -0.00846322  -0.783585    -1.0         -0.130488   -0.384198    0.122524   -0.472431     0.075453
  0.488715   0.033645    -0.507699     0.269559    0.233003     0.114069    0.310413    0.0433855    0.0638847   -0.262919    -1.0         0.607817   -0.373599    0.296267     0.248291
  0.307293   0.150166    -0.307585    -0.159289    0.123613    -0.566225   -0.235743    0.105694    -0.00647891  -0.253546     0.505085   -1.0         0.313314    0.535946    -0.543036
  0.110582  -0.0820786    0.303136    -0.100726    0.231208    -0.0872185  -0.435237   -0.0355447    0.113917     0.0140116   -0.270261   -0.291565   -1.0        -0.347899    -0.490293
 -0.249056  -0.13854     -0.364236    -0.380538   -0.0370942    0.127946    0.349038   -0.278299    -0.113564     0.288719    -0.627762    0.0808906  -0.365193   -1.0         -0.0265954
 -0.188427  -0.0316056    0.58668     -1.19325    -0.173685    -0.139628   -0.195291    0.0255119   -0.0880673   -0.410851     0.358528   -0.07736    -0.425406   -0.172232    -1.0

==================================
r vectors:
(T = 1)
15-element Vector{Float64}:
 2.1162958331169985
 2.1494540916558345
 2.5322740733625837
 3.0064985408811626
 2.457854780958807
 1.7013823678524345
 2.688143995018681
 2.8316802874607725
 1.6980300763849725
 1.8744465799495478
 2.2396427475740293
 1.9832965903476052
 1.7953656677944658
 1.8154344640058562
 2.1600999694968284
