==================================
Setup:
N: 15
T: 1
add: 1.0
del: 3.0
nat: 0.1
temp: 5.0
Source: Generated
A parameters: Normal{Float64}(μ=-0.07498799915476266, σ=0.28535680382806683)
r parameters: Normal{Float64}(μ=2.2267028066467236, σ=0.3198115664893998)
portion: 1.0
scaling: 1.0

==================================
Statistics:
Proportion of candidate states: 0.223602294921875
Candidate states: 7327
Total states: 32768
Total candidate pairs evaluated: 1000
Total natural transitions: 25441

Path length diff avg: -0.133
Path length diff val: [-3, -6, 1, 0, -5, -1, -2, 3, 4, 2, -4]
Path length diff count: [24, 2, 159, 516, 2, 145, 83, 13, 2, 47, 7]

Cost improvement avg: 4.148200000000001
Cost improvement val: [1.7, 9.6, 3.8, 8.8, 6.9, 7.8, 6.8, 4.9, 14.8, 10.9, 9.9, 8.7, 12.8, 9.8, 2.9, 7.9, 6.5, 3.6, 2.5, 1.9, 13.8, 11.8, 2.7, 0.0, 14.9, 8.9, 0.9, 0.8, 4.8, 2.8, 3.9, 5.9, 5.8, 15.8, 11.7, 3.7, 5.7, 7.7, 12.6, 1.8, 10.7, 4.7, 6.7, 9.7, 11.9, 13.9, 16.8, 10.8, 14.7]
Cost improvement count: [1, 1, 27, 22, 10, 29, 16, 47, 4, 3, 3, 1, 4, 9, 207, 21, 1, 1, 1, 71, 4, 5, 1, 182, 2, 33, 31, 9, 27, 6, 19, 97, 40, 1, 2, 4, 3, 7, 1, 11, 1, 4, 4, 3, 7, 1, 1, 14, 1]

==================================
A matrices:
(T = 1)
15×15 Matrix{Float64}:
 -1.0        -0.225892   -0.544126   -0.292158   -0.235724    0.435716   -0.198145   -0.261935    0.0485557   -0.241261   -0.384644   -0.371666    0.171719    0.010281   -0.195178
 -0.770082   -1.0         0.080139   -0.168967    0.113514   -0.12774     0.344894   -0.105654    0.170948    -0.219541   -0.368206    0.389907   -0.206578    0.0915392  -0.212365
  0.504204   -0.139245   -1.0         0.132092   -0.345993    0.0765105   0.235976    0.223744    0.0678123    0.164664   -0.0998098  -0.349889    0.0379613   0.014206   -0.0529981
 -0.143278    0.519741    0.024996   -1.0         0.190515   -0.163881    0.374656    0.251341   -0.122872    -0.057939   -0.121913    0.147129    0.516971   -0.173542    0.117272
  0.117007   -0.0896506  -0.167576   -0.391647   -1.0        -0.0643196  -0.323965    0.30329    -0.251       -0.0125028  -0.145733   -0.0954655   0.0298098  -0.504381   -0.0978094
  0.0153355  -0.118949   -0.129182   -0.159332    0.332332   -1.0        -0.0698286   0.0847707   0.191327    -0.349526   -0.153122   -0.180211   -0.637991    0.231234    0.115625
 -0.0713847   0.373       0.0466638  -0.0173614   0.229918    0.0963471  -1.0        -0.232496   -0.259189    -0.389857    0.0191325  -0.128091   -0.562529    0.0538903   0.2036
 -0.188724    0.272739   -0.266299    0.234576    0.0727043  -0.286064   -0.266597   -1.0        -0.125517     0.48272     0.0497544  -0.657784    0.332363    0.260464   -0.0599153
 -0.21722     0.53232     0.136333   -0.0770218  -0.214016   -0.0476203  -0.640704   -0.382267   -1.0         -0.472037    0.417368   -0.331479   -0.126376    0.316727    0.400876
 -0.267393    0.454311   -0.408834    0.0261183   0.247416    0.381753   -0.0724911  -0.143401   -0.0409152   -1.0         0.115015   -0.244125    0.221431    0.101474    0.0703661
 -0.350699   -0.208363    0.0512916  -0.474094    0.0678295  -0.123459   -0.18324    -0.119949   -0.32146     -0.334055   -1.0         0.194681   -0.0387067   0.128195    0.285847
  0.321892   -0.0802195   0.0164603  -0.635565   -0.25876    -0.0402112  -0.225843    0.159814   -0.0847875   -0.322104   -0.204761   -1.0        -0.129995    0.0568639   0.118649
  0.519065    0.320561   -0.329141   -0.232682   -0.35786     0.196762    0.0354246  -0.180861   -0.653715    -0.572511   -0.376954   -0.0635793  -1.0        -0.128821    0.17584
  0.34756     0.081306    0.259634   -0.572761   -0.587652   -0.53198     0.1707      0.117485   -0.00425752  -0.36615    -0.136735   -0.327433   -0.289446   -1.0        -0.0130292
 -0.370949    0.412441   -0.814259   -0.146493   -0.0593405   0.168509    0.0109171  -0.339062   -0.332873    -0.329841    0.105361   -0.403626   -0.176823    0.0747575  -1.0

==================================
r vectors:
(T = 1)
15-element Vector{Float64}:
 2.0534621258686148
 2.4479209159475954
 2.9814788037867292
 1.9556930389175684
 2.34594624446424
 1.4058934466313868
 2.561118674338542
 2.2550133819538765
 2.40451929365411
 2.4312639460858336
 2.951148296577518
 2.1835030907714326
 1.3871518202037545
 2.2214706390386465
 2.0412062084094136
