==================================
Setup:
N: 15
T: 1
add: 1.0
del: 3.0
nat: 0.1
temp: 5.0
Source: Generated
A parameters: Normal{Float64}(μ=-0.07498799915476266, σ=0.28535680382806683)
r parameters: Normal{Float64}(μ=2.2267028066467236, σ=0.3198115664893998)
portion: 1.0
scaling: 1.0

==================================
Statistics:
Proportion of candidate states: 0.258209228515625
Candidate states: 8461
Total states: 32768
Total candidate pairs evaluated: 1000
Total natural transitions: 24307

Path length diff avg: -0.401
Path length diff val: [-3, -6, 1, 0, -5, -1, -2, 3, -8, -7, 2, -4]
Path length diff count: [42, 4, 138, 515, 12, 153, 91, 7, 1, 1, 24, 12]

Cost improvement avg: 3.8245
Cost improvement val: [1.7, 3.8, 8.8, 6.9, 7.8, 6.8, 4.9, 14.8, 10.6, 9.9, 8.7, 12.8, 0.7, 9.8, 2.9, 7.9, 5.6, 1.9, 13.8, 11.8, 2.7, 0.0, 8.9, 0.9, 0.8, 4.8, 2.8, 7.5, 12.7, 7.6, 3.9, 5.9, 5.8, 11.7, 3.7, 5.7, 7.7, 13.7, 1.8, 10.7, 4.7, 6.7, 15.7, 9.7, 11.9, 1.6, 10.8]
Cost improvement count: [1, 27, 33, 1, 27, 15, 20, 1, 1, 1, 4, 1, 1, 5, 244, 4, 2, 67, 1, 7, 3, 181, 20, 24, 17, 44, 7, 1, 1, 1, 14, 102, 43, 5, 12, 4, 9, 1, 13, 4, 9, 8, 1, 4, 6, 1, 2]

==================================
A matrices:
(T = 1)
15×15 Matrix{Float64}:
 -1.0          0.0737149  -0.0254823  -0.0908763   0.313973    0.113016    -0.0671506   0.182822    0.031474   -0.30042     0.0155737  -0.19732    -0.376592     0.425299    0.0932873
  0.260963    -1.0        -0.251606   -0.130349   -0.852332   -0.5143      -0.0538932  -0.22707     0.035646   -0.18729    -0.234838    0.293398    0.366915    -0.322775    0.0886446
  0.461863     0.164658   -1.0        -0.0797865  -0.0374441   0.0324506   -0.242976    0.0216453  -0.0281003  -0.273618    0.0619039  -0.172152   -0.0268752   -0.540214   -0.101596
 -0.00734809  -0.432626   -0.359091   -1.0         0.0148215  -0.320263    -0.0763699  -0.170167    0.0619496   0.234817   -0.627628    0.257453    0.00224098  -0.146642   -0.00661027
  0.12213     -0.0905445   0.0616473  -0.364778   -1.0         0.00574531  -0.345581   -0.129012    0.333061   -0.429247    0.338008   -0.223489    0.351181    -0.185028    0.395149
 -0.0313513   -0.0571427  -0.23098    -0.568594   -0.101215   -1.0          0.103799    0.110742    0.304475    0.151226   -0.344057    0.0638196  -0.0881217   -0.0262356  -0.00510228
 -0.549436    -0.100292   -0.104184   -0.192625    0.337908   -0.418653    -1.0        -0.171403   -0.10438     0.0603414  -0.181314    0.0131464  -0.384244     0.201912    0.369435
 -0.00260269  -0.147046   -0.331386   -0.402497    0.175912   -0.312769     0.0715252  -1.0        -0.95968     0.0052821  -0.0572784  -0.354602   -0.213331     0.125457   -0.513768
 -0.374946    -0.129257    0.173075   -0.106638    0.0964833  -0.096746    -0.16048    -0.442112   -1.0        -0.366113    0.054754   -0.14794     0.0193048   -0.271767    0.21939
 -0.278591    -0.175743   -0.0893755  -0.31653    -0.0764053  -0.235632    -0.402502   -0.0139022  -0.642441   -1.0        -0.0263226  -0.664104    0.217067    -0.178413   -0.0663814
 -0.160294    -0.0964562  -0.0557674   0.141594    0.0350868  -0.190379     0.0912797   0.211885    0.114433   -0.280597   -1.0        -0.19779     0.313249     0.299388    0.0417426
 -0.193213    -0.336384    0.0252643  -0.0373913  -0.0514442  -0.313627     0.410283    0.0661225  -0.326319   -0.418756   -0.253223   -1.0        -0.208568     0.241033   -0.130241
 -0.00721356   0.0720322  -0.158579   -0.304756    0.0563079  -0.126916     0.356042    0.050844    0.049293   -0.386756    0.372619   -0.21305    -1.0         -0.223985   -0.0305501
  0.14669      0.105135   -0.0169569  -0.159035   -0.151908   -0.0361785    0.0103076  -0.283376    0.0953291  -0.249392   -0.331202   -0.283279    0.485218    -1.0        -0.324302
  0.0128119    0.0261182   0.197004   -0.104204   -0.179852   -0.326356    -0.312177   -0.468867   -0.326499   -0.40504     0.222675    0.0802359  -0.618413     0.381906   -1.0

==================================
r vectors:
(T = 1)
15-element Vector{Float64}:
 2.369542128070633
 2.0334214799798027
 2.969029462322435
 2.5405582102828954
 2.7482215092792135
 2.197944473905247
 2.1178099693195827
 2.338137838010576
 2.5474653609198343
 1.5682819130371703
 2.5912911243110317
 2.184953339744244
 1.9390157446586245
 2.9195252138835497
 2.6883606942111355
