==================================
Setup:
N: 15
T: 1
add: 1.0
del: 3.0
nat: 0.1
temp: 5.0
Source: Generated
A parameters: Normal{Float64}(μ=-0.07498799915476266, σ=0.28535680382806683)
r parameters: Normal{Float64}(μ=2.2267028066467236, σ=0.3198115664893998)
portion: 1.0
scaling: 1.0

==================================
Statistics:
Proportion of candidate states: 0.291107177734375
Candidate states: 9539
Total states: 32768
Total candidate pairs evaluated: 1000
Total natural transitions: 23216

Path length diff avg: -0.685
Path length diff val: [-3, -6, 1, 0, -5, -1, -2, 3, -7, 4, 2, -4]
Path length diff count: [68, 4, 121, 361, 18, 185, 129, 10, 1, 4, 52, 47]

Cost improvement avg: 6.222800000000001
Cost improvement val: [1.7, 19.7, 17.8, 9.6, 3.8, 8.8, 6.9, 7.8, 8.6, 6.8, 4.9, 14.8, 10.6, 10.9, 9.9, 8.7, 12.8, 9.8, 2.9, 7.9, 6.6, 19.8, 13.6, 12.9, 1.9, 13.8, 11.8, 2.7, 0.0, 14.9, 8.9, 0.9, 0.8, 4.8, 2.8, 12.7, 7.6, 3.9, 2.6, 16.7, 5.9, 5.8, 15.8, 11.7, 3.7, 5.7, 7.7, 13.7, 1.8, 10.7, 4.7, 6.7, 18.7, 21.8, 15.7, 9.7, 11.9, 13.9, 10.8, 14.7, 17.7]
Cost improvement count: [1, 1, 2, 1, 31, 40, 30, 51, 2, 29, 26, 9, 2, 4, 14, 8, 15, 36, 109, 11, 1, 1, 2, 4, 42, 9, 31, 3, 89, 2, 31, 11, 12, 36, 14, 3, 2, 30, 1, 2, 72, 52, 10, 6, 4, 4, 9, 6, 15, 11, 5, 9, 2, 1, 1, 12, 4, 4, 20, 4, 1]

==================================
A matrices:
(T = 1)
15×15 Matrix{Float64}:
 -1.0          0.00420125   0.0325869  -0.250002     0.00165377  -0.0182931  -0.513339   -0.396372   -0.0294808  -0.0552958   -0.0281406  -0.454945   -0.147923     0.062394   -0.291674
  0.353639    -1.0          0.106635   -0.575828    -0.104836     0.196271    0.0060612  -0.400851   -0.194733   -0.0072641    0.0612714  -0.122167   -0.0302571   -0.481571    0.176248
  0.252116     0.545187    -1.0         0.121885    -0.370315    -0.13424     0.403527   -0.128466   -0.0793572   0.0749244   -0.389404    0.0323359  -0.384345     0.309245    0.666652
  0.0227619   -0.268751    -0.0379424  -1.0         -0.187862    -0.288069   -0.0722989  -0.0766778  -0.383493   -0.667987    -0.228025   -0.330634   -0.0289764   -0.452788    0.0922853
  0.106412    -0.00903846   0.112778   -0.258723    -1.0          0.0299211  -0.818436    0.354905    0.369102   -0.362588     0.0204993   0.141512   -0.330144    -0.459968    0.104266
 -0.676268    -0.314598    -0.0648309  -0.0687949   -0.436397    -1.0         0.166337   -0.245661    0.0322583  -0.143655    -0.0874887   0.122172    0.503796     0.580972   -0.114894
 -0.221936     0.277914     0.191622   -0.322705    -0.247102     0.240788   -1.0        -0.432194   -0.432858    0.0253613    0.236932   -0.235976    0.320967    -0.53088     0.083445
  0.0739961    0.0460373   -0.14593    -0.0145765   -0.270631    -0.407935   -0.586837   -1.0        -0.289214    0.0757014    0.0991645  -0.384755   -0.0709824   -0.153653    0.229741
 -0.227433     0.117947    -0.653921   -0.636378     0.0185439    0.38208     0.0694861   0.418277   -1.0        -0.568781    -0.197416   -0.114714   -0.0562427    0.0678794  -0.350963
  0.425246     0.100772    -0.245248   -0.265345     0.412007    -0.388219   -0.292849    0.294791    0.0528606  -1.0          0.23081    -0.346784    0.484331     0.350342   -0.234918
  0.032666    -0.0276631   -0.0390185   0.0874707   -0.306988    -0.215927    0.0115643  -0.057248    0.238755    0.0357035   -1.0        -0.04259     0.00258215  -0.0618964  -0.239361
 -0.00706713  -0.626754    -0.624802   -0.0446179   -0.368462     0.163866   -0.372489    0.162446    0.193223   -0.208173     0.148888   -1.0         0.132567     0.0961341   0.180664
  0.0595683    0.179393     0.235517    0.25656     -0.309476     0.450147   -0.228262    0.181792   -0.233405    0.229632    -0.031845   -0.0596314  -1.0         -0.235404    0.290235
  0.0609268   -0.243022    -0.445893    0.0129844   -0.0558576   -0.634727   -0.276466    0.381514    0.248219    0.0562281    0.420985   -0.612726    0.189732    -1.0         0.300459
 -0.173317    -0.113752    -0.357627   -0.00865547  -0.0747301   -0.194567    0.244818    0.0443106  -0.241763    0.00574687  -0.308081    0.0946328   0.329126    -0.105428   -1.0

==================================
r vectors:
(T = 1)
15-element Vector{Float64}:
 1.8766792567775
 2.3075111739325687
 1.7792228979118705
 2.9366277095224387
 2.3731227334634464
 2.1221260318336355
 2.2101006904589213
 2.2876176384831095
 2.3428809808292645
 2.3662608301220374
 1.941778553436429
 2.2913610244601443
 2.5478346377190255
 1.6182209519858874
 2.443375404526328
