==================================
Setup:
N: 15
T: 1
add: 1.0
del: 3.0
nat: 0.1
temp: 5.0
Source: Generated
A parameters: Normal{Float64}(μ=-0.07498799915476266, σ=0.28535680382806683)
r parameters: Normal{Float64}(μ=2.2267028066467236, σ=0.3198115664893998)
portion: 1.0
scaling: 1.0

==================================
Statistics:
Proportion of candidate states: 0.299407958984375
Candidate states: 9811
Total states: 32768
Total candidate pairs evaluated: 1000
Total natural transitions: 22952

Path length diff avg: -0.567
Path length diff val: [5, -3, -6, 1, 0, -5, -1, -2, 3, -7, 4, 2, -4]
Path length diff count: [1, 62, 1, 141, 423, 19, 160, 109, 4, 2, 4, 39, 35]

Cost improvement avg: 5.059099999999999
Cost improvement val: [1.7, 19.7, 17.8, 9.6, 3.8, 8.8, 6.9, 7.8, 8.6, 6.8, 4.9, 10.9, 9.9, 8.7, 15.6, 12.8, 0.7, 9.8, 2.9, 7.9, 19.8, 11.5, 3.6, 13.6, 12.9, 1.9, 13.8, 17.9, 11.8, 0.0, 14.9, 8.9, 0.9, 0.8, 4.8, 2.8, 12.7, 7.6, 3.9, 5.9, 5.8, 15.8, 11.7, 3.7, 5.7, 7.7, 13.7, 12.6, 5.5, 1.8, 10.7, 4.7, 6.7, 15.7, 9.7, 11.9, 13.9, 10.8, 14.7]
Cost improvement count: [1, 1, 1, 2, 36, 42, 20, 28, 2, 28, 45, 9, 6, 8, 1, 5, 1, 12, 166, 14, 1, 1, 2, 2, 3, 40, 6, 1, 10, 119, 2, 20, 11, 12, 38, 13, 4, 1, 35, 94, 57, 3, 1, 8, 5, 8, 1, 3, 1, 20, 6, 6, 7, 2, 5, 3, 2, 17, 2]

==================================
A matrices:
(T = 1)
15×15 Matrix{Float64}:
 -1.0         0.0378947   0.691137   -0.127622    0.336132    -0.444707    -0.218815   -0.0068222   -0.496663   -0.236005   0.0725931   0.197358   -0.201725   -0.678393   -0.114726
  0.0279738  -1.0         0.187811   -0.224097   -0.37619     -0.396827    -0.579738    0.0756271    0.0744262  -0.820005   0.190993    0.461856   -0.196869   -0.0763749   0.238923
 -0.126236   -0.416218   -1.0         0.132865    0.145565    -0.191191    -0.0995726  -0.652768    -0.23102     0.153909  -0.121631   -0.152083   -0.069443   -0.409874    0.458123
  0.0783875  -0.0706141  -0.10738    -1.0         0.00900476   0.581489     0.516067    0.133297     0.0841675   0.125836   0.602437   -0.135604   -0.137357    0.746072   -0.0315475
  0.364697   -0.303126   -0.243753    0.0450974  -1.0         -0.444499     0.297718   -0.0454456   -0.319246   -0.109144  -0.38064    -0.113823    0.107549    0.346915   -0.156198
 -0.0130046  -0.0628519   0.258167   -0.196572    0.0823936   -1.0          0.0977078  -0.219707    -0.246674    0.056299   0.145899   -0.241972   -0.503328   -0.56251     0.131938
 -0.136175    0.287843    0.293722   -0.201853   -0.0545938   -0.00489653  -1.0        -0.0487957   -0.142321   -0.123171   0.169679   -0.471524    0.0148499  -0.297089   -0.218896
  0.0406251  -0.0942445   0.236295    0.187311   -0.101437     0.155222     0.309758   -1.0         -0.180816   -0.185707  -0.103832    0.41562    -0.244994    0.358753    0.323837
  0.49527    -0.0335677  -0.247746   -0.281848   -0.138708    -0.16574     -0.0714249  -0.169145    -1.0         0.330786  -0.112925    0.167716   -0.116278    0.463574   -0.203191
 -0.477534   -0.199627   -0.236702   -0.210597   -0.254148    -0.0246131    0.443833   -0.00289163  -0.506216   -1.0       -0.319935    0.558671    0.0363642   0.25547    -0.195177
 -0.113333   -0.305772   -0.269249   -0.176251   -0.367569     0.162447    -0.0176389  -0.0879176   -0.443762   -0.109565  -1.0        -0.289085    0.323308    0.525065   -0.0999187
 -0.211817    0.227119   -0.543074   -0.293332   -0.22254     -0.147899     0.156672   -0.0282047    0.46685     0.10965   -0.392029   -1.0        -0.433635   -0.0130378   0.298834
 -0.157358   -0.0859514   0.0886745  -0.415203   -0.328685    -0.378343     0.139819    0.0743331   -0.240593   -0.272443   0.68331     0.26493    -1.0        -0.480489    0.034801
 -0.0852964  -0.54906    -0.262786   -0.42633    -0.775396    -0.231938    -0.216784    0.127919    -0.210356   -0.462126  -0.49347    -0.0870532   0.410595   -1.0        -0.14559
 -0.0207487  -0.144834    0.057311   -0.150807   -0.00824248   0.312511     0.0364532   0.155827    -0.131648    0.315372  -0.300486   -0.103635    0.138549    0.042361   -1.0

==================================
r vectors:
(T = 1)
15-element Vector{Float64}:
 1.3976877502837644
 1.99405184552126
 1.9518989129557252
 2.0012294480256205
 2.2261985948842207
 2.576784156866914
 2.1911708190014925
 2.2388960266037192
 2.3850662721859264
 2.3504881762730276
 1.851290871009919
 3.1635395871398027
 2.579064998860592
 1.9368944548250546
 2.645389855139113
