==================================
Setup:
N: 15
T: 1
add: 1.0
del: 3.0
nat: 0.1
temp: 5.0
Source: Generated
A parameters: Normal{Float64}(μ=-0.07498799915476266, σ=0.28535680382806683)
r parameters: Normal{Float64}(μ=2.2267028066467236, σ=0.3198115664893998)
portion: 1.0
scaling: 1.0

==================================
Statistics:
Proportion of candidate states: 0.195068359375
Candidate states: 6392
Total states: 32768
Total candidate pairs evaluated: 1000
Total natural transitions: 26376

Path length diff avg: -0.508
Path length diff val: [5, -3, -6, 1, 0, -5, -1, -2, 3, 4, 2, -4]
Path length diff count: [1, 81, 4, 158, 353, 12, 186, 110, 16, 3, 51, 25]

Cost improvement avg: 6.150600000000001
Cost improvement val: [19.7, 17.8, 3.8, 8.8, 6.9, 7.8, 6.8, 4.9, 14.8, 10.6, 10.9, 9.9, 8.7, 12.8, 0.7, 9.8, 2.9, 7.9, 6.6, 19.8, 4.6, 13.6, 12.9, 1.9, 13.8, 17.9, 11.8, 2.7, 0.0, 14.9, 8.9, 16.9, 0.9, 0.8, 4.8, 2.8, 12.7, 3.9, 5.9, 5.8, 15.8, 11.7, 3.7, 5.7, 7.7, 13.7, 1.8, 10.7, 4.7, 6.7, 15.7, 9.7, 11.9, 20.6, 13.9, 16.8, 10.8, 14.7, 17.7]
Cost improvement count: [2, 3, 24, 43, 16, 43, 39, 39, 14, 1, 8, 5, 4, 21, 2, 34, 121, 23, 1, 1, 1, 1, 3, 45, 8, 1, 18, 1, 96, 1, 28, 1, 11, 7, 48, 10, 2, 24, 78, 45, 3, 8, 3, 5, 8, 4, 13, 6, 3, 4, 1, 9, 10, 1, 1, 2, 37, 7, 2]

==================================
A matrices:
(T = 1)
15×15 Matrix{Float64}:
 -1.0         -0.444713   -0.222332   -0.185094   -0.387417   -0.133937  -0.361188    0.223274   -0.226336    -0.0189646   -0.365776     0.0416911   0.0569689  -0.101812     -0.27756
 -0.308324    -1.0         0.392305    0.0862789   0.0671481  -0.137955  -0.0424268   0.0764283  -0.190605    -0.00101143   0.223386    -0.37987     0.297434    0.193232     -0.230516
 -0.342136     0.175737   -1.0        -0.0422178  -0.329165    0.178585  -0.160068    0.11385    -0.527391     0.401589    -0.00343268   0.394998   -0.123873    0.267454     -0.523739
 -0.170328    -0.151501   -0.293176   -1.0         0.0160077  -0.138618   0.0397873  -0.668558    0.076808    -0.212846    -0.281015    -0.369288    0.0119784  -0.191482      0.110906
  0.443901    -0.660972    0.188051   -0.411393   -1.0         0.193123   0.17047    -0.557849   -0.0966645   -0.559132     0.175059     0.0719303  -0.328006    0.398489     -0.0510925
 -0.285202    -0.254636   -0.273741    0.0617571   0.0740167  -1.0       -0.209942   -0.314523   -0.180502    -0.188261    -0.33167     -0.665027    0.19667    -0.497715     -0.209495
 -0.743461    -0.466955   -0.843936   -0.244589   -0.152873    0.102069  -1.0         0.126778    0.00376585  -0.0178286   -0.144012    -0.320114    0.438372   -0.000391031  -0.356827
 -0.00998793  -0.279095   -0.371341   -0.587229    0.564477    0.344078  -0.448305   -1.0        -0.117909     0.38376      0.565898    -0.34407     0.270429   -0.0384849    -0.398969
 -0.195376    -0.0982292  -0.0907646  -0.293949   -0.0963019   0.381779  -0.268857   -0.293296   -1.0         -0.310283    -0.164636     0.434514   -0.219253   -0.356119     -0.589519
  0.0773234    0.424369    0.209366    0.39578    -0.0350958   0.149187   0.328842    0.213432   -0.142494    -1.0          0.480832     0.0646206  -0.482252    0.23411      -0.0285563
  0.314339     0.720923    0.0246888  -0.540181   -0.085559    0.197069   0.288282   -0.337651   -0.484917    -0.452332    -1.0         -0.0880685  -0.182423    0.120156     -0.075952
  0.68163     -0.630306    0.517767   -0.295195    0.148834   -0.152454   0.291235   -0.322608   -0.161892    -0.374634    -0.0299389   -1.0         0.544594   -0.127233      0.0757746
  0.163829    -0.191878    0.296244   -0.115913    0.114186    0.280185   0.35314    -0.298484    0.179228    -0.0789771    0.220145    -0.0593157  -1.0        -0.35263      -0.375551
 -0.330049     0.115116    0.206066   -0.165318   -0.047337    0.191886   0.0378174   0.196947   -0.119574    -0.0863974    0.298395    -0.156772    0.178428   -1.0          -0.233596
  0.343843    -0.212414    0.309201   -0.385017    0.410394   -0.253335   0.025259    0.0947332  -0.0502875   -0.0666199   -0.335033     0.537634   -0.497035   -0.0784675    -1.0

==================================
r vectors:
(T = 1)
15-element Vector{Float64}:
 1.9646664060770862
 2.5581512427369573
 2.1221788801544843
 2.3179012796787175
 2.473590005331546
 2.056420987598951
 2.2918957956030233
 2.165369727651779
 2.340661100336549
 2.4682785062453316
 2.2576554004564025
 2.8163736644069246
 2.1960394999479966
 1.8027479660391625
 2.328869019272438
