==================================
Setup:
N: 15
T: 1
add: 1.0
del: 3.0
nat: 0.1
temp: 5.0
Source: Generated
A parameters: Normal{Float64}(μ=-0.07498799915476266, σ=0.28535680382806683)
r parameters: Normal{Float64}(μ=2.2267028066467236, σ=0.3198115664893998)
portion: 1.0
scaling: 1.0

==================================
Statistics:
Proportion of candidate states: 0.26776123046875
Candidate states: 8774
Total states: 32768
Total candidate pairs evaluated: 1000
Total natural transitions: 23993

Path length diff avg: -0.553
Path length diff val: [5, -3, -6, 1, 0, -5, -1, -2, 3, -7, 4, 2, -4]
Path length diff count: [1, 63, 1, 141, 383, 14, 176, 122, 9, 1, 2, 51, 36]

Cost improvement avg: 5.6038
Cost improvement val: [1.7, 9.6, 20.7, 3.8, 8.8, 6.9, 7.8, 6.8, 4.9, 14.8, 10.9, 10.5, 9.9, 8.7, 15.6, 12.8, 9.8, 2.9, 7.9, 15.5, 6.6, 4.6, 12.9, 1.9, 13.8, 17.9, 11.8, 0.0, 8.9, 16.9, 0.9, 0.8, 4.8, 2.8, 12.7, 3.9, 2.6, 16.7, 5.9, 5.8, 15.8, 11.7, 3.7, 18.8, 5.7, 7.7, 1.8, 10.7, 4.7, 11.6, 6.7, 19.6, 9.7, 11.9, 13.9, 10.8, 14.7]
Cost improvement count: [1, 3, 1, 20, 44, 21, 26, 34, 33, 3, 10, 2, 7, 12, 2, 16, 24, 127, 21, 1, 1, 1, 1, 47, 7, 1, 26, 117, 25, 1, 22, 10, 46, 6, 3, 28, 1, 1, 72, 59, 3, 6, 6, 1, 6, 10, 11, 10, 6, 2, 15, 1, 17, 6, 1, 12, 4]

==================================
A matrices:
(T = 1)
15×15 Matrix{Float64}:
 -1.0         0.29362    -0.164058   -0.339137   -0.450964   -0.0211772  -0.115817  -0.150328   -0.0919714   0.210086    -0.0970208  -0.0809922  -0.0740939    0.0101452  -0.0526633
  0.261902   -1.0         0.361603    0.597386    0.0437278   0.204876   -0.134108   0.0303041   0.140148    0.361637    -0.146294   -0.231301   -0.551684     0.116882   -0.428159
 -0.12325    -0.744907   -1.0        -0.328812    0.0729795  -0.172069    0.120051  -0.0239183   0.0783269  -0.102354    -0.308949    0.216521   -0.0991117   -0.0416111  -0.233994
  0.070375    0.0231472  -0.0048151  -1.0         0.31113    -0.0365708   0.226968  -0.166452   -0.478447   -0.201263    -0.405188    0.383867    0.145802     0.0574267  -0.326873
 -0.334327   -0.350096    0.0175589  -0.488574   -1.0         0.109855   -0.34904   -0.264995    0.227831    0.355944     0.607671   -0.51859    -0.485009    -0.276507   -0.0188839
 -0.298465    0.0413915  -0.0487106   0.107937   -0.253611   -1.0         0.278141   0.235976   -0.454746   -0.507331     0.19725     0.0814175   0.00761162   0.0675865   0.0133367
 -0.854957    0.164846   -0.31832    -0.0515891  -0.303844   -0.0955651  -1.0       -0.0957436   0.16501    -0.338883    -0.316926    0.415861    0.239941    -0.847248   -0.207844
  0.295418    0.0604489  -0.16915    -0.377413   -0.143613    0.0823249  -0.293688  -1.0        -0.19056    -0.355662     0.235515   -0.332536   -0.0238689   -0.800551    0.0391756
 -0.0748133  -0.217189   -0.446278   -0.360737   -0.564167    0.240041   -0.847099  -0.130223   -1.0         0.16738     -0.0522219  -0.456529   -0.608989    -0.15388     0.0908383
 -0.267422   -0.12143     0.10479     0.508992   -0.549751   -0.476802   -0.47462   -0.448       0.075802   -1.0         -0.409161   -0.246487    0.00877824  -0.651876   -0.403326
 -0.234073   -0.0690967   0.341292    0.177374   -0.0179408   0.213517    0.394449  -0.0977482  -0.582359    0.133547    -1.0        -0.0766386   0.00493787  -0.129675   -0.0819917
  0.0785139  -0.365824   -0.547279    0.18468     0.036072   -0.0911778   0.172963  -0.106583    0.105605   -0.859415     0.35591    -1.0        -0.186029    -0.103588   -0.0115347
  0.312648   -0.141628   -0.171452    0.148753   -0.296546    0.212822   -0.124887   0.175117    0.127673   -0.0938887   -0.49417    -0.0325049  -1.0         -0.0733333  -0.334575
  0.532673   -0.297143   -0.119545   -0.180435   -0.46       -0.260239    0.271899   0.113831    0.364413    0.47414     -0.157363    0.0238784   0.23297     -1.0         0.180406
  0.169113    0.0974619   0.176483   -0.488262   -0.0556609  -0.10967    -0.276363  -0.312302   -0.534116   -0.00698717  -0.0636557  -0.572229    0.109311     0.36385    -1.0

==================================
r vectors:
(T = 1)
15-element Vector{Float64}:
 2.3781972501449045
 1.902692590561695
 1.96195261546944
 2.147999268824958
 1.9977933227128812
 2.578379558237145
 2.344707549728449
 2.1060585812181767
 2.637429744419576
 2.3690326437499345
 1.9739402226818434
 2.4838437480965125
 2.2346708917744444
 1.9928628772389785
 2.1216913503206225
