==================================
Setup:
N: 15
T: 1
add: 1.0
del: 3.0
nat: 0.1
temp: 5.0
Source: Generated
A parameters: Normal{Float64}(μ=-0.07498799915476266, σ=0.28535680382806683)
r parameters: Normal{Float64}(μ=2.2267028066467236, σ=0.3198115664893998)
portion: 1.0
scaling: 1.0

==================================
Statistics:
Proportion of candidate states: 0.309112548828125
Candidate states: 10129
Total states: 32768
Total candidate pairs evaluated: 1000
Total natural transitions: 22627

Path length diff avg: -0.392
Path length diff val: [-3, -6, 1, 0, -5, -1, -2, 3, -8, -7, 4, 2, -4]
Path length diff count: [44, 6, 161, 420, 12, 160, 100, 6, 1, 1, 5, 58, 26]

Cost improvement avg: 5.528899999999999
Cost improvement val: [1.7, 9.6, 20.7, 3.8, 8.8, 6.9, 7.8, 8.6, 6.8, 4.9, 10.6, 10.9, 10.5, 9.9, 8.7, 15.6, 12.8, 0.7, 9.8, 2.9, 7.9, 6.6, 19.8, 9.5, 4.6, 14.5, 5.6, 3.6, 1.9, 13.8, 11.8, 2.7, 0.0, 14.9, 8.9, 0.9, 0.8, 4.8, 0.5, 2.8, 7.5, 7.6, 12.7, 3.9, 16.7, 5.9, 5.8, 15.8, 11.7, 3.7, 5.7, 7.7, 13.7, 12.6, 14.4, 1.8, 10.7, 4.7, 11.6, 6.7, 18.7, 15.7, 9.7, 11.9, 13.9, 10.8, 17.7]
Cost improvement count: [1, 2, 1, 26, 33, 15, 34, 3, 32, 32, 3, 7, 1, 5, 13, 1, 2, 1, 18, 145, 14, 5, 1, 1, 1, 1, 1, 1, 37, 6, 17, 4, 116, 3, 29, 13, 6, 38, 1, 8, 1, 3, 6, 23, 2, 89, 55, 2, 14, 9, 1, 12, 4, 1, 1, 14, 10, 9, 2, 22, 2, 1, 10, 4, 1, 21, 3]

==================================
A matrices:
(T = 1)
15×15 Matrix{Float64}:
 -1.0         -0.255608    -0.518583      0.158431    0.115011    -0.433064   -0.81718    -0.224377   -0.405925     0.0437523   0.205799    0.0756076   0.222411    0.069578    0.184942
  0.0437586   -1.0         -0.248389     -0.343342   -0.299532    -0.388655    0.132115   -0.138759   -0.481483     0.0339187   0.0681238  -0.763574   -0.269486    0.302061   -0.355455
 -0.13615     -0.303817    -1.0          -0.411198    0.0256974    0.111873   -0.277415    0.211711   -0.00907779  -0.148588    0.1662      0.0128904  -0.349628   -0.0454196   0.508606
 -0.25895      0.0165496    0.0454277    -1.0        -0.318421    -0.420676    0.0991327  -0.221837   -0.0244962   -0.395362    0.237207    0.138259   -0.314763   -0.0527814   0.354415
 -0.456605     0.351378    -0.443594     -0.0382685  -1.0         -0.550943    0.342903   -0.117009    0.141858     0.0300726  -0.0214276  -0.284684   -0.0825725  -0.382492    0.149483
  0.0446476    0.00711847  -0.145091      0.666905    0.361709    -1.0        -0.672545   -0.30601    -0.147262    -0.23143     0.0580762  -0.503868    0.351586    0.0964032  -0.0605392
 -0.110378     0.392472    -0.30991      -0.414675    0.00700291   0.342907   -1.0        -0.281768   -0.191443    -0.352894   -0.015475    0.326102    0.24324     0.239279    0.322843
  0.187107    -0.184612     0.120711      0.110813   -0.0722461   -0.0739773  -0.135783   -1.0        -0.0184588    0.0799342   0.41495    -0.239622   -0.502919   -0.317302    0.146368
 -0.150844    -0.00453117  -0.209114     -0.0223728   0.524097    -0.317177    0.0465039   0.244105   -1.0         -0.360741   -0.196042   -0.329124   -0.181767    0.0334786  -0.650664
  0.00111486  -0.298421    -0.16991      -0.48437    -0.133027    -0.267533    0.101741    0.0728353   0.476297    -1.0         0.104202   -0.42899    -0.31058    -0.296517   -0.873282
  0.271032     0.0877404   -0.125812      0.303869   -0.179566     0.21427     0.115138    0.0495264  -0.167475     0.230416   -1.0         0.018183   -0.18661    -0.0541191  -0.30332
  0.195276    -0.326208    -0.0205908    -0.0476208  -0.155981    -0.160041    0.238508   -0.266043    0.142024    -0.592609   -0.262812   -1.0         0.0466534  -0.0495647  -0.103433
  0.303606    -0.0926964    0.158618     -0.0441234  -0.499016     0.221587   -0.385025   -0.0175364  -1.08731      0.322772    0.194245    0.342996   -1.0         0.398138   -0.465337
 -0.256546     0.427712     0.000479187  -0.784439   -0.170249    -0.244852   -0.485453    0.341063    0.318457     0.0528394  -0.0362525  -0.180697   -0.364153   -1.0        -0.172481
 -0.227942    -0.137282     0.00656917    0.14684    -0.230482    -0.156872    0.0420008  -0.42397    -0.194184     0.0603331  -0.129641   -0.469239   -0.0264059  -0.372594   -1.0

==================================
r vectors:
(T = 1)
15-element Vector{Float64}:
 2.1517928251806375
 2.0525618920981334
 2.4753063397746375
 2.357148277311727
 2.0786648995193655
 1.5810409893636104
 2.7574167768709605
 2.096090836138083
 2.6463812592882356
 2.829371887177251
 2.77926371473059
 2.045918368659143
 2.444629177428379
 2.0899070069328887
 2.0657017463492546
