==================================
Setup:
N: 15
T: 1
add: 1.0
del: 3.0
nat: 0.1
temp: 5.0
Source: Generated
A parameters: Normal{Float64}(μ=-0.07498799915476266, σ=0.28535680382806683)
r parameters: Normal{Float64}(μ=2.2267028066467236, σ=0.3198115664893998)
portion: 1.0
scaling: 1.0

==================================
Statistics:
Proportion of candidate states: 0.3096923828125
Candidate states: 10148
Total states: 32768
Total candidate pairs evaluated: 1000
Total natural transitions: 22602

Path length diff avg: -0.763
Path length diff val: [-3, -6, 1, 0, -5, -1, -2, 3, -8, -7, 4, 2, -4]
Path length diff count: [57, 8, 112, 416, 23, 173, 118, 6, 2, 4, 1, 35, 45]

Cost improvement avg: 5.1012
Cost improvement val: [1.7, 9.6, 3.8, 8.8, 6.9, 7.8, 8.6, 6.8, 4.9, 14.8, 10.9, 9.9, 8.7, 12.8, 0.7, 9.8, 2.9, 7.9, 6.6, 16.6, 18.6, 12.5, 4.6, 6.5, 5.6, 3.6, 13.6, 12.9, 1.9, 13.8, 11.8, 2.7, 0.0, 8.9, 16.9, 0.9, 0.8, 4.8, 2.8, 12.7, 7.6, 3.9, 5.9, 5.8, 15.8, 11.7, 3.7, 5.7, 7.7, 13.7, 12.6, 1.8, 10.7, 4.7, 11.6, 6.7, 9.7, 11.9, 20.6, 13.9, 16.8, 10.8]
Cost improvement count: [2, 2, 35, 31, 14, 34, 2, 31, 40, 2, 9, 2, 11, 4, 2, 11, 170, 17, 3, 1, 1, 1, 1, 3, 1, 1, 2, 3, 44, 7, 21, 3, 122, 15, 1, 25, 7, 45, 16, 5, 3, 27, 65, 45, 5, 6, 6, 6, 12, 3, 3, 14, 4, 4, 1, 11, 10, 4, 1, 3, 1, 19]

==================================
A matrices:
(T = 1)
15×15 Matrix{Float64}:
 -1.0          0.15167     0.294832   -0.25059    -0.242568    -0.0988192  -0.0676133  -0.242711   -0.0784182   0.109582   -0.0722745   -0.37402     -0.250969   -0.17092    -0.351748
 -0.199409    -1.0        -0.151081    0.171433   -0.503486    -0.584314    0.324416   -0.35857     0.18934    -0.4372     -0.0245342   -0.856679    -0.142342   -0.39887    -0.473656
  0.320527     0.378987   -1.0        -0.311972   -0.0801005   -0.0465743  -0.0514405   0.0160828   0.197531    0.125992   -0.174129     0.0338568   -0.275498   -0.216062   -0.112128
 -0.265379    -0.0305243  -0.0441375  -1.0        -0.0669459   -0.118278   -0.15634     0.190379   -0.233773    0.270046   -0.0970739    0.378384    -0.15702    -0.15451    -0.085166
 -0.553949    -0.299077   -0.169484    0.257092   -1.0         -0.0712144  -0.110176    0.183644    0.047522   -0.218553   -0.123729    -0.00891217  -0.137268   -0.151261   -0.384493
 -0.449686    -0.030903   -0.572296    0.686884   -0.0783038   -1.0         0.666241   -0.433282   -0.135657   -0.0097415  -0.170575    -0.224581    -0.416169    0.474639   -0.163426
 -0.145406     0.0931606  -0.075018    0.160232   -0.0662763   -0.380488   -1.0        -0.245241   -0.305429    0.0722195  -0.0648709   -0.00179867  -0.329213    0.147309   -0.357713
 -0.0302044   -0.383408    0.541397   -0.199743   -0.342692    -0.13674     0.0711211  -1.0        -0.252543   -0.760029   -0.253976    -0.33939     -0.45191    -0.178055    0.185456
  0.173882    -0.0803915  -0.108348   -0.116071    0.112016    -0.261462   -0.100985   -0.0488973  -1.0        -0.218116   -0.0690879   -0.0521455   -0.0986213  -0.1274      0.00676834
  0.00174574  -0.136164    0.124279   -0.376788   -0.22229      0.0343677  -0.245452   -0.4405      0.155653   -1.0        -0.485375     0.0356882    0.0451736   0.0335789   0.21981
  0.0686656    0.0548182  -0.361507   -0.418645    0.315574    -0.13098    -0.10577     0.393931    0.0164208  -0.140999   -1.0          0.0757276    0.101618    0.487336   -0.12802
 -0.502545    -0.160126   -0.499218    0.346527   -0.00277484   0.126808   -0.0776954  -0.0143685  -0.257933   -0.588862    0.114191    -1.0          0.0612756   0.239847   -0.111648
  0.117022     0.223508   -0.0803003  -0.0931236   0.099345    -0.506233   -0.148037   -0.730356    0.198042   -0.357259    0.151349    -0.0223021   -1.0        -0.151092   -0.780025
  0.24493      0.360919   -0.0790544  -0.501936    0.188844     0.357706    0.412751   -0.0171603  -0.342195   -0.186639   -0.00549718   0.0603999   -0.0312348  -1.0         0.151391
 -0.156621     0.16499    -0.22432    -0.101888   -0.359007     0.154713   -0.538532   -0.212857    0.011845   -0.317744    0.212644     0.0631719    0.0160717   0.0101955  -1.0

==================================
r vectors:
(T = 1)
15-element Vector{Float64}:
 2.550896675240782
 1.8104308677216885
 2.093038257980769
 1.869026854650932
 2.075950165258554
 2.2584123046323494
 2.016531814688133
 2.596005260177416
 2.3754198603167964
 2.651141724156767
 2.0488995585486003
 2.1639522449721516
 2.330581477134624
 2.2361364254167393
 2.5238769136861503
