==================================
Setup:
N: 15
T: 1
add: 1.0
del: 3.0
nat: 0.1
temp: 5.0
Source: Generated
A parameters: Normal{Float64}(μ=-0.07498799915476266, σ=0.28535680382806683)
r parameters: Normal{Float64}(μ=2.2267028066467236, σ=0.3198115664893998)
portion: 1.0
scaling: 1.0

==================================
Statistics:
Proportion of candidate states: 0.20379638671875
Candidate states: 6678
Total states: 32768
Total candidate pairs evaluated: 1000
Total natural transitions: 26075

Path length diff avg: -0.515
Path length diff val: [-3, -6, 1, 0, -5, -1, -2, 3, 4, 2, -4]
Path length diff count: [56, 3, 143, 387, 5, 181, 132, 10, 3, 46, 34]

Cost improvement avg: 5.477300000000001
Cost improvement val: [17.8, 9.6, 3.8, 8.8, 6.9, 7.8, 8.6, 6.8, 4.9, 14.8, 10.6, 10.9, 9.9, 8.7, 12.8, 0.7, 9.8, 2.9, 7.9, 19.8, 9.5, 14.6, 13.6, 12.9, 1.9, 13.8, 11.8, 2.7, 0.0, 14.9, 8.9, 0.9, 0.8, 4.8, 2.8, 12.7, 3.9, 16.7, 5.9, 5.8, 15.8, 11.7, 3.7, 5.7, 7.7, 13.7, 12.6, 1.8, 10.7, 4.7, 11.6, 6.7, 15.7, 9.7, 11.9, 13.9, 10.8, 14.7, 17.7]
Cost improvement count: [1, 2, 33, 27, 14, 39, 1, 33, 46, 2, 1, 7, 4, 11, 8, 1, 27, 126, 25, 1, 1, 2, 1, 1, 54, 2, 21, 2, 118, 2, 22, 23, 6, 41, 10, 10, 32, 1, 79, 43, 2, 7, 3, 5, 12, 7, 1, 12, 13, 9, 1, 8, 2, 7, 7, 2, 14, 6, 2]

==================================
A matrices:
(T = 1)
15×15 Matrix{Float64}:
 -1.0         0.302731    0.252459   -0.357939   -0.425324   -0.394819   -0.53632      0.121994  -0.206898   -0.205919    0.147844     0.0348523   -0.00378071   0.0231028  -0.301229
  0.0981266  -1.0        -0.598963   -0.279733   -0.536664   -0.166968   -0.286162     0.169044  -0.134279    0.300261    0.515826     0.370028    -0.29641      0.202904    0.0994866
 -0.0561824   0.205394   -1.0         0.0309022  -0.11614     0.0679279  -0.342911    -0.753553  -0.0974261   0.525101    0.328539    -0.0363033   -0.032992     0.02632    -0.853273
 -0.335196   -0.12962     0.269756   -1.0        -0.410453    0.152713   -0.219656    -0.403527   0.235619   -0.236512   -0.41534      0.280426    -0.0244911   -0.108262   -0.338865
 -0.131921   -0.54696     0.28149    -0.140262   -1.0        -0.231467   -0.299283     0.131461  -0.142692   -0.0273257   0.146778    -0.00704404  -0.228278    -0.13457     0.290598
  0.0938068  -0.255573   -0.239115   -0.350916    0.0294263  -1.0        -0.0645087   -0.359911  -0.576023    0.265637   -0.600078    -0.195837     0.532548    -0.168809   -0.405716
  0.212917   -0.0389677  -0.329615    0.2286     -0.304305    0.024503   -1.0          0.178335   0.165249   -0.382956   -0.0152196   -0.246087     0.19974      0.469794   -0.552064
 -0.127661    0.142473    0.0819029   0.67633     0.158753    0.459355    0.0876684   -1.0        0.0403193  -0.489461   -0.00662618   0.13544     -0.167692     0.546826   -0.0699659
 -0.529296    0.0830129  -0.0582258   0.0678042  -0.535089    0.10942     0.170633     0.091816  -1.0        -0.246553    0.503973    -0.0880034   -0.224395    -0.532236   -0.584387
  0.0771888   0.488784   -0.271603   -0.551999   -0.163348   -0.156301   -0.295276    -0.201705   0.201259   -1.0        -0.0961295    0.00172122  -0.141717    -0.134683    0.343015
  0.180726   -0.248762   -0.294508    0.291048   -0.115364    0.02239     0.105861    -0.291854  -0.303945   -0.131647   -1.0         -0.552173    -0.0163164   -0.128523    0.019244
  0.435627    0.468087   -0.17132     0.0807175  -0.19158    -0.185805   -0.0784748   -0.190975   0.286998   -0.332423    0.0860646   -1.0         -0.276921    -0.26626    -0.371418
 -0.0815609  -0.0617154   0.123898   -0.337228   -0.314517    0.169715   -0.00503847  -0.496515  -0.208142   -0.539353   -0.212259    -0.393262    -1.0          0.142043   -0.27352
  0.18225    -0.241438   -0.375765   -0.114048   -0.452776   -0.237961   -0.880355     0.111908   0.348449   -0.230382    0.231436    -0.379907    -0.158404    -1.0        -0.595569
 -0.500808   -0.162465   -0.218616   -0.409191    0.0959588  -0.159547   -0.245697    -0.557657   0.208892    0.201461    0.274249    -0.0235644   -0.0271998   -0.312332   -1.0

==================================
r vectors:
(T = 1)
15-element Vector{Float64}:
 2.3282050632151825
 2.344002065577211
 1.5525602786278618
 2.4251490574447443
 2.147770586848342
 2.4515277721427555
 1.9641647153560358
 2.0234562147580197
 2.25599097666009
 2.109596785212033
 2.7136481789588838
 2.2607391224350986
 1.897457337817731
 1.8100170312904358
 2.243556560636684
