==================================
Setup:
N: 15
T: 1
add: 1.0
del: 3.0
nat: 0.1
temp: 5.0
Source: Generated
A parameters: Normal{Float64}(μ=-0.07498799915476266, σ=0.28535680382806683)
r parameters: Normal{Float64}(μ=2.2267028066467236, σ=0.3198115664893998)
portion: 1.0
scaling: 1.0

==================================
Statistics:
Proportion of candidate states: 0.292633056640625
Candidate states: 9589
Total states: 32768
Total candidate pairs evaluated: 1000
Total natural transitions: 23052

Path length diff avg: -0.474
Path length diff val: [5, -3, -6, 1, 0, -5, -1, -2, 3, 4, 2, -4]
Path length diff count: [1, 58, 1, 155, 360, 9, 184, 117, 15, 5, 54, 41]

Cost improvement avg: 6.323799999999999
Cost improvement val: [1.7, 17.8, 9.6, 20.7, 3.8, 8.8, 6.9, 7.8, 8.6, 6.8, 4.9, 14.8, 10.6, 10.9, 9.9, 8.7, 13.5, 12.8, 0.7, 9.8, 2.9, 7.9, 6.6, 19.8, 14.6, 6.5, 12.9, 1.9, 17.6, 13.8, 11.8, 2.7, 0.0, 14.9, 8.9, 0.9, 0.8, 4.8, 2.8, 12.7, 7.6, 3.9, 16.7, 5.9, 20.8, 5.8, 15.8, 11.7, 3.7, 5.7, 7.7, 13.7, 12.6, 1.8, 10.7, 4.7, 11.6, 6.7, 18.7, 19.6, 15.7, 9.7, 11.9, 20.6, 13.9, 16.8, 10.8, 14.7, 17.7]
Cost improvement count: [1, 2, 3, 1, 29, 52, 24, 36, 2, 37, 45, 7, 1, 12, 9, 8, 1, 11, 1, 22, 102, 31, 1, 3, 1, 1, 3, 32, 3, 8, 28, 3, 90, 2, 23, 30, 7, 31, 8, 6, 1, 35, 2, 67, 1, 42, 3, 11, 2, 6, 11, 8, 1, 8, 9, 4, 2, 14, 1, 2, 2, 7, 5, 1, 3, 4, 25, 5, 1]

==================================
A matrices:
(T = 1)
15×15 Matrix{Float64}:
 -1.0        -0.20648    -0.22702     0.00474784  -0.172282   0.0242866    0.486119   -0.139453   -0.188065    -0.124076    0.00625102   0.159256    -0.0629196  -0.466492    0.107281
 -0.612558   -1.0         0.186934   -0.764002    -0.2728     0.334225    -0.258014   -0.382122    0.0390682   -0.18552    -0.305742    -0.0514745    0.0628231   0.328793   -0.156298
  0.0641694  -0.0664654  -1.0        -0.0714481   -0.370544   0.375285    -0.301816   -0.523887   -0.12337     -0.260243   -0.00296043  -0.304285    -0.323368    0.181427   -0.11981
 -0.0172562  -0.247826   -0.335422   -1.0         -0.515058  -0.00814729   0.169734   -0.86457    -0.113184     0.187513    0.102635     0.0802471    0.0394562   0.264142    0.202743
  0.454473   -0.0823271  -0.296364    0.348427    -1.0       -0.0993084    0.101447   -0.607897   -0.14532     -0.0921115  -0.0836482   -0.351043    -0.114097    0.0133746  -0.428211
 -0.299796    0.495099   -0.156832    0.408213    -0.363604  -1.0         -0.0450621   0.182551   -0.00767322   0.20551     0.00484049  -0.0605918   -0.341306    0.289434   -0.390523
 -0.225276   -0.35609    -0.205545    0.0585373    0.374348  -0.130638    -1.0        -0.0768371  -0.464243     0.325858   -0.0404346    0.0460858    0.170322   -0.219202    0.0233456
  0.374821   -0.599827    0.0583863  -0.117711    -0.185669  -0.210156     0.0545609  -1.0        -0.513409    -0.335766   -0.0385343    0.303197    -0.352163   -0.698002    0.283559
 -0.0602221  -0.336366   -0.0244863  -0.332811    -0.339498   0.158051     0.0107515   0.18857    -1.0         -0.648893   -0.604041     0.425549     0.100799   -0.0619482  -0.517862
  0.076291   -0.0495235   0.0317892   0.114955    -0.331822  -0.182941    -0.332297   -0.376116   -0.512316    -1.0        -0.0718015   -0.00831923  -0.133902   -0.109113   -0.313464
 -0.115149   -0.218799   -0.168626    0.0688731   -0.504371  -0.159504     0.347463   -0.431293   -0.39434     -0.658429   -1.0          0.0528131    0.031135    0.0477469  -0.20633
 -0.394334    0.0212809   0.0336046   0.00681531   0.145734  -0.310603    -0.167811   -0.189642    0.0201309   -0.29588    -0.634773    -1.0          0.117073   -0.184879   -0.551466
  0.014298    0.210558   -0.442502   -0.0577493    0.125965   0.137486     0.241314   -0.37975     0.390177    -0.645755    0.0828846    0.0228843   -1.0        -0.621621   -0.424899
  0.0895046   0.0404669   0.0435635   0.388427    -0.40628   -0.165676    -0.256631   -0.55151    -0.164722     0.0912103  -0.265221     0.110378     0.176468   -1.0         0.25022
 -0.130508   -0.0492545  -0.484247    0.228474    -0.24261   -0.313743    -0.0258639   0.229882    0.329164     0.585763    0.236458    -0.184243    -0.337393   -0.570078   -1.0

==================================
r vectors:
(T = 1)
15-element Vector{Float64}:
 2.423986012131647
 1.7689407629485512
 2.2794627732361685
 2.2732586721497343
 2.2713434188682116
 1.9461401213909024
 1.8313043238839861
 2.267627100136624
 1.68123706295504
 1.9624415031857088
 1.9585119845613492
 1.8640927483771814
 2.4883328903573023
 2.074424962395041
 2.5627628694469227
