==================================
Setup:
N: 15
T: 1
add: 1.0
del: 3.0
nat: 0.1
temp: 5.0
Source: Generated
A parameters: Normal{Float64}(μ=-0.07498799915476266, σ=0.28535680382806683)
r parameters: Normal{Float64}(μ=2.2267028066467236, σ=0.3198115664893998)
portion: 1.0
scaling: 1.0

==================================
Statistics:
Proportion of candidate states: 0.3187255859375
Candidate states: 10444
Total states: 32768
Total candidate pairs evaluated: 1000
Total natural transitions: 22324

Path length diff avg: -0.172
Path length diff val: [-3, -6, 1, 0, -5, -1, -2, 3, 4, 2, -4]
Path length diff count: [28, 1, 152, 536, 2, 125, 90, 5, 2, 49, 10]

Cost improvement avg: 4.222700000000001
Cost improvement val: [1.7, 17.8, 9.6, 3.8, 8.8, 7.8, 8.6, 6.8, 4.9, 10.6, 10.5, 8.7, 15.6, 12.8, 0.7, 9.8, 2.9, 7.9, 6.6, 18.6, 4.6, 5.6, 3.6, 13.6, 1.9, 13.8, 11.8, 2.7, 0.0, 14.9, 8.9, 0.9, 0.8, 4.8, 2.8, 12.7, 7.6, 3.9, 18.5, 5.9, 5.8, 11.7, 3.7, 5.7, 7.7, 13.7, 1.8, 10.7, 4.7, 6.7, 9.7, 11.9, 10.8]
Cost improvement count: [1, 1, 2, 31, 26, 17, 1, 14, 39, 1, 1, 11, 1, 2, 3, 6, 221, 8, 4, 1, 1, 2, 2, 1, 49, 2, 11, 3, 180, 1, 37, 11, 8, 35, 3, 3, 1, 9, 1, 108, 61, 6, 10, 1, 7, 1, 20, 3, 4, 12, 6, 5, 5]

==================================
A matrices:
(T = 1)
15×15 Matrix{Float64}:
 -1.0          0.316674    0.177199   -0.0486376   0.15582    -0.310626   -0.318932     0.267947    0.039357   -0.167962   -0.386037    0.168275    0.33854    -0.341608   -0.228661
  0.054494    -1.0        -0.281939   -0.203576   -0.13043    -0.135083   -0.217344    -0.516719   -0.242469   -0.126756    0.19762     0.458674   -0.227183    0.22271    -0.444075
  0.134634     0.440066   -1.0        -0.222634   -0.19278    -0.172324   -0.021794     0.0494924  -0.243915   -0.115972   -0.212008   -0.136242   -0.129945   -0.199259   -0.675069
 -0.00906754  -0.157108   -0.036891   -1.0        -0.0208751  -0.279005    0.770182    -0.202949    0.399101    0.545041    0.199089   -0.433201   -0.159446    0.246556   -0.119121
 -0.49891     -0.014697    0.3109     -0.287785   -1.0         0.13003    -0.0695813   -0.177323   -0.101378   -0.18307    -0.360306   -0.107179    0.114137    0.224309    0.0444339
 -0.0176162   -0.0222982  -0.208692   -0.0321247   0.213861   -1.0         0.0967856   -0.297379    0.312392    0.17795     0.0803261  -0.604283    0.40804     0.336344   -0.044665
  0.0707058    0.130477   -0.33493     0.448952   -0.275503    0.186171   -1.0         -0.0589992  -0.265616   -0.265003   -0.328675   -0.0020124  -0.24685     0.330389   -0.154285
 -0.0119941   -0.0191418  -0.109197    0.118364   -0.436183   -0.407046    0.168056    -1.0         0.432357   -0.0312121  -0.142236    0.0731418   0.198226    0.306295    0.239934
 -0.142363     0.0319471   0.403113    0.0062476   0.0163027  -0.365881    0.00211434   0.0944391  -1.0        -0.685214    0.383194    0.493756   -0.0542944  -0.309114    0.192671
 -0.0976191    0.142053   -0.230942    0.0983501  -0.0812676   0.296169   -0.205019    -0.153653   -0.118059   -1.0         0.401527    0.0280797   0.208607    0.117402    0.0356599
  0.491329     0.104891   -0.0782871  -0.279916    0.133091    0.232641    0.185848     0.375588   -0.0188951   0.205834   -1.0         0.247449   -0.0562949   0.700293    0.108391
 -0.241242    -0.375427    0.0882719  -0.295047   -0.124899    0.185623    0.107828     0.299475    0.0834735   0.0604403  -0.366507   -1.0        -0.13426     0.51851    -0.184851
 -0.00695785  -0.336777   -0.393084   -0.0918192  -0.173648    0.0862228  -0.345952     0.260347   -0.145958    0.0249948   0.314131    0.373315   -1.0         0.566628   -0.142708
  0.167726    -0.315773    0.161664   -0.325168   -0.542565   -0.120183    0.127318    -0.405324   -0.167055    0.45443    -0.323375    0.0116315  -0.258455   -1.0         0.3415
 -0.0736953    0.473667   -0.564138    0.207094   -0.385856   -0.14297    -0.636856     0.209986   -0.120942   -0.115252   -0.123761    0.0109788  -0.174804   -0.0489576  -1.0

==================================
r vectors:
(T = 1)
15-element Vector{Float64}:
 2.1664153737280976
 2.344459740490643
 2.5045237504965416
 2.6624919163563847
 2.1577232195137115
 2.155375723070589
 2.089596120564456
 2.497200579318369
 2.071155659953586
 3.0436478966059592
 2.5107957581415894
 2.667308336890955
 1.8034614167231207
 2.2160155279920284
 2.8680701749519963
