==================================
Setup:
N: 15
T: 1
add: 1.0
del: 3.0
nat: 0.1
temp: 5.0
Source: Generated
A parameters: Normal{Float64}(μ=-0.07498799915476266, σ=0.28535680382806683)
r parameters: Normal{Float64}(μ=2.2267028066467236, σ=0.3198115664893998)
portion: 1.0
scaling: 1.0

==================================
Statistics:
Proportion of candidate states: 0.205902099609375
Candidate states: 6747
Total states: 32768
Total candidate pairs evaluated: 1000
Total natural transitions: 25995

Path length diff avg: -0.475
Path length diff val: [-3, -6, 1, 0, -5, -1, -2, 3, 4, 2, -4]
Path length diff count: [64, 3, 165, 353, 10, 181, 128, 13, 1, 57, 25]

Cost improvement avg: 6.1135
Cost improvement val: [1.7, 17.8, 9.6, 3.8, 8.8, 6.9, 7.8, 6.8, 4.9, 14.8, 10.6, 10.9, 9.9, 8.7, 12.8, 9.8, 2.9, 7.9, 19.8, 18.6, 14.6, 3.6, 12.9, 1.9, 13.8, 11.8, 2.7, 0.0, 8.9, 0.9, 0.8, 4.8, 2.8, 12.7, 3.9, 5.9, 20.8, 5.8, 15.8, 11.7, 3.7, 5.7, 7.7, 13.7, 1.8, 10.7, 4.7, 6.7, 15.7, 9.7, 11.9, 13.9, 16.8, 10.8, 14.7]
Cost improvement count: [1, 1, 1, 33, 43, 28, 36, 40, 51, 9, 2, 11, 9, 10, 13, 35, 115, 23, 1, 1, 1, 1, 2, 36, 14, 24, 2, 82, 25, 18, 5, 56, 9, 2, 28, 80, 1, 46, 4, 6, 4, 3, 6, 6, 5, 8, 3, 8, 1, 9, 5, 2, 3, 31, 1]

==================================
A matrices:
(T = 1)
15×15 Matrix{Float64}:
 -1.0         0.148499   -0.0828613  -0.242696    0.236587    0.071628   -0.567869   -0.313533   -0.0959447    0.0823906  -0.313517    0.00700505   0.0921914  -0.0621094   -0.169702
 -0.564682   -1.0         0.104255   -0.198039   -0.729761   -0.247562   -0.245904   -0.120731    0.450605    -0.0598613   0.106212   -0.256181    -0.165965    0.0261527    0.0913901
  0.625446   -0.348907   -1.0         0.116397   -0.240265   -0.107195   -0.473401   -0.187862   -0.00151834  -0.346387   -0.596032    0.277613     0.0788665   0.0174515   -0.305758
  0.18892    -0.309566   -0.378966   -1.0        -0.0985207   0.664267    0.221895   -0.144896    0.210616    -0.255039    0.265352   -0.528003     0.0248192  -0.0906367   -0.0818867
  0.309645   -0.244572    0.0974152   0.0625583  -1.0         0.132726    0.191084    0.123693    0.358562    -0.0186542   0.262606   -0.100681    -0.154274   -0.0391839   -0.426535
 -0.275607    0.0339851   0.224627    0.0943741   0.0972745  -1.0        -0.248254    0.106347   -0.0641665   -0.332984   -0.481858   -0.265931    -0.16789    -0.703063    -0.48225
 -0.0377997   0.408342    0.294849   -0.280045   -0.326036   -0.0832288  -1.0         0.275149   -0.179613    -0.373564    0.0436648   0.266364     0.154596    0.0690616    0.0901214
 -0.392023    0.378545   -0.415218    0.324499   -0.745195    0.191923    0.0271443  -1.0        -0.330491     0.427025    0.0376723  -0.0650573    0.334221    0.0770021   -0.300558
 -0.402664    0.0321391  -0.237814    0.470453   -0.3179     -0.243985    0.123517   -0.267499   -1.0          0.28988     0.451956   -0.282921    -0.280434    0.00524971   0.265995
  0.425698   -0.338477   -0.0602145  -0.615888   -0.256526   -0.266204   -0.045216    0.316686    0.0802107   -1.0        -0.188183    0.160783    -0.429891   -0.170238    -0.465184
 -0.267971    0.420826   -0.162853   -0.411424   -0.54587     0.161129   -0.620366   -0.435411   -0.187065     0.0444913  -1.0         0.0698877    0.309067    0.72542      0.139005
 -0.314741    0.347719    0.223908   -0.0692735   0.10387     0.0139773  -0.103548   -0.031688    0.424083     0.100616   -0.121461   -1.0          0.0950674  -0.0328358   -0.0127928
  0.0403829  -0.319587   -0.183216   -0.0636551  -0.484273    0.163302   -0.183102    0.0130034   0.136746    -0.0270055   0.324464   -0.145512    -1.0        -0.326682    -0.345313
  0.724025    0.182621   -0.247334    0.159098    0.424147    0.199704    0.506455   -0.157935    0.322482    -0.0410477  -0.563793   -0.434716    -0.121365   -1.0          0.361113
 -0.357778    0.325244   -0.370832   -0.0441722   0.159892   -0.289166   -0.469028   -0.335488    0.411168    -0.551755   -0.146709    0.0866419   -0.974934   -0.324425    -1.0

==================================
r vectors:
(T = 1)
15-element Vector{Float64}:
 2.244483949663163
 2.3378510437893274
 2.2663435002512604
 2.327195136549462
 2.0435623981443385
 2.0026448621596606
 2.525136789050318
 2.2692245098937267
 2.621798908818957
 2.7134321698280495
 2.359016644755845
 2.5800108864162428
 2.68467236240045
 2.6773311735791645
 1.579369406164203
