==================================
Setup:
N: 15
T: 1
add: 1.0
del: 3.0
nat: 0.1
temp: 5.0
Source: Generated
A parameters: Normal{Float64}(μ=-0.07498799915476266, σ=0.28535680382806683)
r parameters: Normal{Float64}(μ=2.2267028066467236, σ=0.3198115664893998)
portion: 1.0
scaling: 1.0

==================================
Statistics:
Proportion of candidate states: 0.251190185546875
Candidate states: 8231
Total states: 32768
Total candidate pairs evaluated: 1000
Total natural transitions: 24506

Path length diff avg: -0.46
Path length diff val: [5, -3, -6, 1, 0, -5, -1, -2, 3, -7, -9, 4, 2, -4]
Path length diff count: [1, 60, 4, 163, 359, 6, 162, 138, 15, 2, 1, 3, 59, 27]

Cost improvement avg: 5.826300000000001
Cost improvement val: [1.7, 19.7, 17.8, 9.6, 3.8, 8.8, 6.9, 7.8, 8.6, 6.8, 4.9, 14.8, 10.6, 10.9, 9.9, 8.7, 12.8, 9.8, 2.9, 7.9, 6.6, 19.8, 9.5, 5.6, 1.9, 13.8, 11.8, 2.7, 0.0, 14.9, 8.9, 0.9, 0.8, 4.8, 2.8, 12.7, 7.6, 3.9, 2.6, 5.9, 20.8, 5.8, 15.8, 11.7, 3.7, 5.7, 7.7, 13.7, 1.8, 10.7, 4.7, 11.6, 6.7, 15.7, 9.7, 11.9, 13.9, 16.8, 10.8, 14.7, 0.6]
Cost improvement count: [1, 1, 1, 3, 26, 36, 13, 38, 2, 35, 40, 4, 1, 11, 9, 14, 11, 27, 129, 26, 1, 1, 1, 1, 46, 13, 14, 1, 90, 2, 31, 20, 10, 37, 14, 5, 2, 27, 1, 73, 1, 56, 1, 4, 2, 8, 8, 4, 10, 11, 9, 2, 13, 1, 7, 10, 2, 2, 24, 6, 1]

==================================
A matrices:
(T = 1)
15×15 Matrix{Float64}:
 -1.0          0.0916841  -0.15441      0.31523    -0.111001    -0.164801     0.476272    0.200121    0.143597   -0.572786    0.0198651   0.392136  -0.607536    0.56685    -0.091747
  0.0237156   -1.0         0.00177674  -0.881111    0.00944795   0.0764457    0.0525032  -0.0921665  -0.0930436  -0.246774    0.141086    0.293162  -0.548312    0.145208    0.184392
 -0.439841    -0.423428   -1.0         -0.316897   -0.211785    -0.259696     0.191275   -0.0879446   0.145848    0.1693     -0.135922   -0.156111   0.108781    0.176192   -0.117586
 -0.00918015   0.167165    0.25443     -1.0         0.136193    -0.225691    -0.116283   -0.412484   -0.902922   -0.17708     0.451079   -0.667841  -0.269951   -0.167949    0.198946
 -0.409149     0.0218785   0.561393     0.302096   -1.0          0.069094    -0.736056   -0.352979   -0.284556   -0.0470892   0.0576915   0.247797  -0.0183923  -0.138759    0.0673822
  0.401942    -0.195388    0.165256    -0.118901   -0.602803    -1.0          0.307559   -0.153101    0.501106    0.126657    0.37603    -0.148127  -0.483066    0.16011    -0.0401652
 -0.250402     0.347645   -0.308244     0.297905    0.325235    -0.0675292   -1.0        -0.135815    0.13579     0.347928    0.442487   -0.120871   0.679098   -0.199462    0.0711796
 -0.30628      0.148539   -0.368056    -0.414259   -0.0957078    0.0215464    0.351067   -1.0         0.205741   -0.25818    -0.147017   -0.487013  -0.275566    0.0452062  -0.0379787
 -0.39139      0.456836    0.0690776    0.651932    0.170228    -0.324725    -0.200351   -0.284152   -1.0         0.36553    -0.451765    0.204414  -0.109608   -0.0103816  -0.278794
 -0.137696    -0.0488174  -0.309083    -0.186511   -0.599367    -0.161362    -0.0451637  -0.158679   -0.345274   -1.0        -0.119562   -0.142992   0.234874    0.141325    0.190219
 -0.0478065   -0.380938    0.32361     -0.0513316   0.270713    -0.0203069   -0.0346005  -0.250846   -0.665877   -0.107741   -1.0         0.238671  -0.339981   -0.213459    0.165099
  0.328106    -0.413384   -0.51788      0.541964    0.3691       0.00342566   0.384277   -0.140275   -0.253479    0.046643   -0.556691   -1.0        0.0162097   0.0621511  -0.56678
 -0.194383    -0.445209    0.189973     0.203155   -0.106768    -0.156501     0.071133   -0.0416033  -0.245527    0.254663    0.302963   -0.391722  -1.0        -0.0145282  -0.382807
  0.294289     0.179148    0.0336983   -0.453054   -0.46195     -0.371504    -0.224382   -0.245206    0.199133   -0.1815     -0.385471    0.246873  -0.71425    -1.0         0.468893
 -0.0406711   -0.172219   -0.446617    -0.202798   -0.0299959   -0.347595     0.0511171  -0.203728   -0.412746   -0.358352   -0.0425308   0.170288  -0.264581    0.0782081  -1.0

==================================
r vectors:
(T = 1)
15-element Vector{Float64}:
 2.4036762204104045
 2.5957299431176444
 2.4754840549307486
 2.116631850860347
 2.2578424770122054
 2.2223127053929588
 2.464259213565832
 2.930317941801896
 2.181790941745226
 2.4778945452226573
 1.6455571938680427
 1.879050968207442
 2.739699817769372
 1.8475659917420284
 1.8224246900648846
