==================================
Setup:
N: 15
T: 1
add: 1.0
del: 3.0
nat: 0.1
temp: 5.0
Source: Generated
A parameters: Normal{Float64}(μ=-0.07498799915476266, σ=0.28535680382806683)
r parameters: Normal{Float64}(μ=2.2267028066467236, σ=0.3198115664893998)
portion: 1.0
scaling: 1.0

==================================
Statistics:
Proportion of candidate states: 0.213775634765625
Candidate states: 7005
Total states: 32768
Total candidate pairs evaluated: 1000
Total natural transitions: 25763

Path length diff avg: -0.516
Path length diff val: [-3, -6, 1, 0, -5, -1, -2, 3, -7, 2, -4]
Path length diff count: [56, 3, 152, 409, 8, 183, 117, 8, 1, 35, 28]

Cost improvement avg: 5.275800000000001
Cost improvement val: [1.7, 9.6, 3.8, 8.8, 6.9, 7.8, 6.8, 4.9, 14.8, 10.6, 10.9, 9.9, 8.7, 12.8, 9.8, 2.9, 7.9, 4.6, 5.6, 1.9, 13.8, 11.8, 2.7, 0.0, 8.9, 0.9, 0.8, 4.8, 2.8, 12.7, 7.6, 3.9, 5.9, 5.8, 15.8, 11.7, 3.7, 5.7, 7.7, 13.7, 1.8, 10.7, 4.7, 11.6, 6.7, 9.7, 11.9, 10.8, 14.7, 17.7]
Cost improvement count: [1, 3, 27, 57, 8, 41, 28, 65, 6, 2, 5, 2, 10, 10, 22, 136, 19, 1, 1, 50, 1, 16, 1, 118, 20, 18, 9, 40, 15, 6, 1, 23, 83, 47, 1, 4, 5, 3, 10, 4, 13, 8, 7, 3, 11, 14, 4, 16, 3, 2]

==================================
A matrices:
(T = 1)
15×15 Matrix{Float64}:
 -1.0        -0.120778    0.0189073  -0.0620611   -0.09824     0.34033     0.0959099  -0.235946    0.201801   -0.0640316    0.562898    0.372638    0.320221    -0.0943542  -0.23619
  0.14611    -1.0         0.52417     0.147458    -0.165726   -0.487732   -0.359269   -0.0436319   0.286137    0.132609    -0.37127    -0.0668627  -0.00620192   0.529407   -0.0697901
  0.0321702   0.280361   -1.0        -0.0596707   -0.319479   -0.262517   -0.10203     0.107322    0.478064    0.364187    -0.241377   -0.178637   -0.414765    -0.109977    0.281865
 -0.237499    0.0665315  -0.0315214  -1.0         -0.0613725   0.0676175   0.304135   -0.152863   -0.0885191  -0.332541    -0.284927    0.243549    0.45846     -0.0715797  -0.455721
 -0.221416   -0.275852   -0.182216   -0.0333856   -1.0        -0.298161   -0.186643   -0.68672    -0.434341    0.0885867   -0.193873   -0.0579011   0.220548    -0.266051   -0.398972
  0.359517   -0.0424949  -0.319463   -0.00557878  -0.164959   -1.0         0.294093    0.263863   -0.248831   -0.00419219  -0.451931    0.208388    0.243368    -0.112588   -0.494497
 -0.547342    0.273045    0.0365353  -0.483028    -0.272535   -0.393199   -1.0        -0.380104   -0.292678   -0.276626     0.25302     0.27995     0.102868    -0.0266944  -0.101053
 -0.296476   -0.110712   -0.138501   -0.159519    -0.191047    0.161663   -0.0993292  -1.0         0.246498   -0.0262619    0.360263   -0.706891   -0.406504    -0.606978    0.0300325
 -0.267444   -0.267584   -0.289295   -0.0187689   -0.260081   -0.334158   -0.450899   -0.298067   -1.0        -0.116023     0.113692   -0.0441442   0.270848    -0.171191   -1.04905
 -0.235977    0.0230437  -0.131657    0.325416     0.37692    -0.279128   -0.252389    0.374388   -0.0232665  -1.0         -0.105076    0.0109097  -0.231434    -0.275645   -0.0751733
 -0.125639   -0.531676   -0.447797   -0.112224    -0.432996    0.107402   -0.0410453   0.201274   -0.379872   -0.662455    -1.0        -0.203759   -0.122872     0.48595    -0.745529
  0.209157   -0.0390328   0.147429   -0.236785    -0.097157    0.151098    0.428945   -0.397922   -0.435151    0.416255    -0.275457   -1.0         0.0643161   -0.212655    0.0661498
 -0.452247    0.263399   -0.233446   -0.740643     0.331994    0.438182    0.343265   -0.24422    -0.208729    0.00817114   0.566582   -0.144299   -1.0          0.423325   -0.0908226
 -0.277352   -0.205082    0.336826   -0.331739     0.454002    0.438288    0.152333    0.250332   -0.0961175  -0.129594     0.0919528   0.405347   -0.1846      -1.0         0.114632
 -0.220227   -0.187868    0.104393   -0.118207     0.0982411  -0.554617    0.0690602   0.32877    -0.0115427  -0.161813     0.0129711  -0.0209816  -0.513062    -0.134833   -1.0

==================================
r vectors:
(T = 1)
15-element Vector{Float64}:
 2.240163997831087
 1.8708980089782037
 2.36810181664358
 2.2919540747530176
 2.0555568459811777
 2.0237918686056164
 1.933451482226969
 2.3807893973006617
 2.110705374976427
 2.0531417807832533
 1.7945817745998487
 2.066924887434475
 2.5530322525383697
 2.3080199589655517
 2.0105762572521404
