==================================
Setup:
N: 15
T: 1
add: 1.0
del: 3.0
nat: 0.1
temp: 5.0
Source: Generated
A parameters: Normal{Float64}(μ=-0.07498799915476266, σ=0.28535680382806683)
r parameters: Normal{Float64}(μ=2.2267028066467236, σ=0.3198115664893998)
portion: 1.0
scaling: 1.0

==================================
Statistics:
Proportion of candidate states: 0.3145751953125
Candidate states: 10308
Total states: 32768
Total candidate pairs evaluated: 1000
Total natural transitions: 22460

Path length diff avg: -0.149
Path length diff val: [0, 4, -5, -1, 2, -3, -2, -4, 3, 1]
Path length diff count: [496, 1, 4, 125, 44, 29, 97, 7, 8, 189]

Cost improvement avg: 4.671199999999999
Cost improvement val: [17.8, 9.6, 3.8, 8.8, 6.9, 7.8, 6.8, 4.9, 14.8, 10.6, 8.7, 13.5, 12.8, 0.7, 9.8, 2.9, 7.9, 6.6, 4.6, 14.6, 6.5, 5.6, 3.6, 13.6, 1.9, 13.8, 11.8, 2.7, 0.0, 8.9, 0.9, 0.8, 4.8, 2.8, 12.7, 3.9, 2.6, 5.9, 5.8, 11.7, 3.7, 5.7, 7.7, 13.7, 1.8, 10.7, 4.7, 11.6, 6.7, 15.7, 9.7, 11.9, 10.8, 14.7]
Cost improvement count: [1, 2, 30, 52, 2, 36, 16, 23, 4, 2, 14, 1, 1, 1, 1, 194, 4, 3, 1, 1, 1, 2, 1, 1, 47, 1, 18, 1, 160, 23, 7, 10, 35, 3, 1, 6, 3, 110, 58, 6, 8, 4, 11, 3, 24, 12, 7, 1, 21, 1, 6, 4, 13, 2]

==================================
A matrices:
(T = 1)
15×15 Matrix{Float64}:
 -1.0        -0.468065    0.180981   -0.236718   -0.256155    0.418953    0.116102    0.149263    -0.278728   -0.095508   -0.350504    0.629192    0.332501    0.532604   -0.0824052
 -0.285682   -1.0        -0.182253    0.162388   -0.142955   -0.361163   -0.192882   -0.133169    -0.187751    0.68049    -0.0272424  -0.359596   -0.285512   -0.0352091  -0.18569
  0.51021    -0.0687106  -1.0        -0.297902    0.0424806   0.242563   -0.300899   -0.686681     0.15038     0.222469    0.126897   -0.0252368  -0.157562    0.150555   -0.0471825
 -0.15857    -0.541903   -0.168369   -1.0        -0.0497958  -0.350875   -0.124454   -0.209449     0.176777    0.227332    0.447838    0.304855    0.0462073   0.383865   -0.0454974
 -0.0516136  -0.349629    0.307295   -0.413903   -1.0         0.204445   -0.0353763  -0.211174    -0.239251   -0.0971046  -0.165863   -0.498442   -0.589256   -0.24454     0.479075
  0.0191863   0.382826   -0.988763   -0.518451   -0.127335   -1.0         0.306844   -0.33153      0.0618624   0.0113788  -0.149995    0.114571    0.193345    0.0185006  -0.438339
 -0.0401778  -0.566231   -0.0290507   0.128553   -0.280137   -0.555937   -1.0         0.142072    -0.0160436  -0.481414   -0.141412   -0.262257   -0.249813    0.200843   -0.0163281
 -0.0700395  -0.209137   -0.0781181  -0.325011   -0.15426    -0.479553   -0.0870327  -1.0         -0.0729444  -0.159111   -0.233766   -0.192272    0.129259   -0.163926   -0.340435
  0.150047   -0.380447    0.19896    -0.0466289   0.308571   -0.124866    0.252304    0.209611    -1.0        -0.217401   -0.658348    0.619003    0.0408712  -0.419035   -0.22606
  0.1546     -0.0703461  -0.0304259   0.337783    0.0843466  -0.581777    0.476909    0.00659282  -0.0787429  -1.0        -0.726171   -0.403531   -0.0508114   0.583843    0.153575
  0.224109    0.174023   -0.0492959  -0.07424     0.329528   -0.0414694  -0.0857646   0.355551     0.230029    0.668231   -1.0         0.310649   -0.0672766   0.144305   -0.742591
 -0.56822     0.0684397  -0.390224    0.163065    0.0010978  -0.0201045  -0.416629   -0.425871     0.0141889  -0.154781    0.141193   -1.0         0.114379    0.219212   -0.00804893
 -0.355737    0.0525435  -0.0467959   0.200806    0.367634    0.240501   -0.35439    -0.589406    -0.687986   -0.228509    0.0704564  -0.214795   -1.0         0.0451648  -0.605279
  0.0122852   0.221829    0.120462   -0.267451    0.556421   -0.372828   -0.38133     0.0514519    0.0454812   0.20176    -0.300535   -0.124225   -0.245761   -1.0         0.229685
  0.422728    0.0846832  -0.262904   -0.0421473  -0.462553   -0.0232167   0.377734   -0.285119    -0.0823152   0.166361    0.500457   -0.149943    0.0334715  -0.248535   -1.0

==================================
r vectors:
(T = 1)
15-element Vector{Float64}:
 2.4167797992325966
 2.3650463961530814
 1.6718030579593208
 2.428823820594266
 1.8060158892306504
 1.7860105870766456
 2.1782502416091054
 2.494072902986835
 2.3960623721880476
 2.961797365701999
 1.9215467987359875
 2.40089301712931
 2.1559312112087823
 2.5717468449701624
 1.9926903067754693
