==================================
Setup:
N: 15
T: 1
add: 1.0
del: 3.0
nat: 0.1
temp: 5.0
Source: Generated
A parameters: Normal{Float64}(μ=-0.07498799915476266, σ=0.28535680382806683)
r parameters: Normal{Float64}(μ=2.2267028066467236, σ=0.3198115664893998)
portion: 1.0
scaling: 1.0

==================================
Statistics:
Proportion of candidate states: 0.3377685546875
Candidate states: 11068
Total states: 32768
Total candidate pairs evaluated: 1000
Total natural transitions: 21700

Path length diff avg: -0.36
Path length diff val: [0, -5, -1, 2, -3, -2, -4, 3, 1]
Path length diff count: [472, 6, 175, 46, 41, 109, 15, 9, 127]

Cost improvement avg: 4.501199999999999
Cost improvement val: [1.7, 19.7, 9.6, 3.8, 8.8, 6.9, 7.8, 6.8, 4.9, 14.8, 10.9, 9.9, 8.7, 12.8, 9.8, 2.9, 7.9, 6.6, 5.6, 3.6, 13.6, 1.9, 13.8, 11.8, 2.7, 0.0, 8.9, 0.9, 0.8, 4.8, 2.8, 12.7, 7.6, 3.9, 16.7, 5.9, 5.8, 11.7, 3.7, 5.7, 7.7, 13.7, 12.6, 1.8, 10.7, 4.7, 6.7, 15.7, 9.7, 11.9, 13.9, 10.8]
Cost improvement count: [2, 1, 2, 35, 37, 2, 21, 31, 49, 3, 5, 2, 5, 2, 9, 210, 16, 5, 4, 4, 1, 61, 3, 8, 2, 135, 30, 23, 11, 44, 7, 3, 1, 16, 1, 59, 54, 8, 12, 5, 11, 2, 1, 13, 5, 10, 7, 1, 5, 4, 1, 11]

==================================
A matrices:
(T = 1)
15×15 Matrix{Float64}:
 -1.0         -0.00248745   0.0561685   0.247152    0.505833    0.247018   -0.174969   -0.266142   -0.219382   -0.266324   -0.169641     0.235931   -0.310479     0.484489     -0.320879
  0.0561547   -1.0         -0.125612   -0.257082    0.238933    0.244557   -0.570845   -0.0248389  -0.1215     -0.111756   -0.0698686   -0.317167    0.349613    -0.216899     -0.333187
  0.35272      0.175052    -1.0         0.30272     0.0897176   0.440301    0.160656   -0.35921    -0.246979    0.0567975  -0.173845    -0.162706    0.0651159   -0.113713     -0.514454
 -0.00360583   0.377644    -0.198804   -1.0        -0.334368    0.274366   -0.111491    0.100252   -0.0124281  -0.298452   -0.0873718   -0.0349577  -0.361376    -0.237663      0.0444755
  0.491517    -0.0745983   -0.517923   -0.1594     -1.0        -0.0128742  -0.339942    0.0565391   0.138744   -0.482636    0.0656183   -0.219078    0.225461     0.0159185    -0.122699
 -0.0440544   -0.353908    -0.0770732   0.246245    0.194156   -1.0        -0.162171    0.088959   -0.280175    0.0310284  -0.230921    -0.394638   -0.248447     0.0493159     0.376104
  0.492056     0.627079     0.017172   -0.447145   -0.408588   -0.38974    -1.0         0.185227    0.0572719  -0.0820949  -0.0914992   -0.288143    0.00699219   0.225144     -0.250921
 -0.0895241    0.0980434   -0.329542    0.249084   -0.088444   -0.682107    0.168684   -1.0        -0.162841    0.526864    0.355437     0.338921   -0.145836    -0.253242     -0.00382849
  0.428394    -0.140028    -0.419609   -0.186573    0.143364   -0.261009   -0.434643   -0.244759   -1.0         0.330449   -0.36433     -0.386342    0.175132     0.0904577    -0.145699
  0.123962     0.181864     0.125581   -0.156386   -0.382834    0.309381   -0.0746649   0.0174719   0.183864   -1.0        -0.145182     0.644337   -0.468947     0.0708387    -0.42173
 -0.435665     0.0762546   -0.677064    0.0882712   0.0759771  -0.181015    0.0076433  -0.335702   -0.402434    0.555593   -1.0         -0.117981    0.209269     0.508981     -0.405024
  0.262041    -0.611494    -0.426246   -0.0355064   0.275682   -0.0260521  -0.653731   -0.292293   -0.519242   -0.0393254   0.00491996  -1.0         0.190246    -0.139655      0.146182
  0.311347    -0.37491     -0.252559   -0.0792962  -0.325612    0.187432   -0.261958    0.0613316   0.524876    0.0730489  -0.505672     0.430416   -1.0          0.0227298    -0.730891
  0.178447    -0.444635    -0.245868    0.204821   -0.12852     0.0789319  -0.1743     -0.238402   -0.303307   -0.0805531   0.513263     0.06372     0.434979    -1.0          -0.017043
 -0.02851     -0.332682    -0.43867    -0.345776   -0.727247   -0.640862    0.0455565   0.0747049   0.185148    0.0661953  -0.586148    -0.370086   -0.128037     0.000645373  -1.0

==================================
r vectors:
(T = 1)
15-element Vector{Float64}:
 1.9104010316911788
 2.360995241446222
 2.6032086584247303
 2.1639253752122505
 2.4210413979323504
 2.0088252544041483
 2.762279434930146
 2.1479742351387143
 2.187265175631164
 1.6488775579038748
 2.068454299297855
 2.40529782794403
 2.2827201731514704
 2.172641377786331
 1.8526177635950856
