==================================
Setup:
N: 15
T: 1
add: 1.0
del: 3.0
nat: 0.1
temp: 5.0
Source: Generated
A parameters: Normal{Float64}(μ=-0.07498799915476266, σ=0.28535680382806683)
r parameters: Normal{Float64}(μ=2.2267028066467236, σ=0.3198115664893998)
portion: 1.0
scaling: 1.0

==================================
Statistics:
Proportion of candidate states: 0.29791259765625
Candidate states: 9762
Total states: 32768
Total candidate pairs evaluated: 1000
Total natural transitions: 22822

Path length diff avg: -0.67
Path length diff val: [-3, -6, 1, 0, -5, -1, -2, 3, 4, 2, -4]
Path length diff count: [80, 2, 125, 322, 11, 210, 155, 14, 1, 51, 29]

Cost improvement avg: 6.155299999999999
Cost improvement val: [19.7, 9.6, 3.8, 8.8, 6.9, 7.8, 8.6, 6.8, 4.9, 14.8, 10.6, 10.9, 9.9, 8.7, 12.8, 9.8, 2.9, 7.9, 6.6, 12.5, 12.9, 1.9, 13.8, 11.8, 2.7, 0.0, 8.9, 16.9, 0.9, 0.8, 4.8, 2.8, 12.7, 7.6, 3.9, 22.7, 16.7, 5.9, 20.8, 5.8, 15.8, 11.7, 3.7, 18.8, 5.7, 7.7, 13.7, 12.6, 1.8, 10.7, 4.7, 6.7, 18.7, 15.7, 9.7, 11.9, 13.9, 16.8, 10.8, 14.7]
Cost improvement count: [1, 1, 21, 39, 23, 54, 1, 38, 33, 9, 2, 9, 4, 7, 14, 27, 97, 25, 1, 1, 2, 37, 14, 26, 1, 94, 18, 1, 28, 7, 53, 13, 7, 2, 46, 1, 1, 64, 1, 49, 8, 6, 1, 1, 5, 9, 3, 4, 12, 4, 6, 5, 1, 2, 9, 5, 4, 3, 33, 7]

==================================
A matrices:
(T = 1)
15×15 Matrix{Float64}:
 -1.0        -0.321371     0.0949829  -0.596957   -0.377748   -0.0702434  -0.22519     0.143158    0.0894602  -0.491106    -0.335548    -0.0338072    0.0452053   0.0909298  -0.137719
 -0.374039   -1.0          0.0948604   0.237778   -0.322894    0.292767   -0.122278    0.121351    0.0701559  -0.0843978    0.0673447   -0.246032     0.114241    0.125505   -0.243891
  0.181892   -0.327924    -1.0        -0.197045   -0.201385   -0.0851786  -0.465982    0.174421    0.154042   -0.242661     0.0597956   -0.00684814   0.16824    -0.0563822  -0.203613
 -0.444096    0.460598    -0.0708747  -1.0         0.654992    0.612333    0.0779165  -0.490212   -0.681629   -0.423919     0.0407419   -0.0699492    0.171894    0.243502   -0.131863
  0.192959    0.126653    -0.552984   -0.567692   -1.0        -0.224139   -0.0483582  -0.145406   -0.364456   -0.109433    -0.295552     0.222993     0.782195   -0.215231    0.0643732
 -0.252417   -0.0205      -0.320305    0.138504   -0.282975   -1.0        -0.0786203  -0.214294   -0.167344    0.157395    -0.00651615  -0.668416     0.235101   -0.303636    0.07031
  0.0980912  -0.117316    -0.0812438   0.0777155  -0.0322429   0.27537    -1.0         0.0109086   0.0075446   0.130527     0.0636975   -0.0276152   -0.22195     0.211703   -0.209971
  0.0852321   0.191025    -0.407686   -0.462802   -0.0377151   0.29068    -0.0266172  -1.0         0.0382763  -0.13082     -0.0153511   -0.108017    -0.0616428  -0.455555    0.0728999
  0.0315143   0.0727144    0.10858    -0.218038   -0.128209   -0.259692   -0.0251713   0.603395   -1.0        -0.271531     0.475716    -0.143345    -0.71208    -0.506626   -0.280782
 -0.0476538  -0.136371     0.102493    0.682865    0.0747619  -0.123885   -0.0652094  -0.375982    0.157367   -1.0          0.00959385   0.0181728   -0.818885   -0.194216   -0.257004
 -0.0616262  -0.0270954    0.38541    -0.466962   -0.189848    0.0328285   0.27526    -0.408242   -0.0458188   0.259372    -1.0         -0.67363      0.294172   -0.37871    -0.0382372
 -0.118562   -0.480115     0.219198   -0.35086     0.423955    0.530685   -0.211088   -0.718601    0.733103   -0.176244    -0.0105607   -1.0          0.30218     0.153055   -0.0127356
 -0.212713   -0.207977    -0.447696   -0.0357514   0.254311   -0.133624   -0.0954099  -0.328771    0.188007    0.00529171  -0.146355    -0.258593    -1.0         0.397288   -0.468959
 -0.317368   -0.00463101  -0.116815    0.332571    0.284843    0.182764   -0.255637   -0.438685    0.07642     0.0502048    0.266132     0.219944    -0.515526   -1.0         0.173358
  0.222212    0.237082     0.0709569   0.0107187  -0.0754319  -0.0709743  -0.470311   -0.400236    0.388982    0.242467    -0.460085     0.0715826   -0.175049    0.0854589  -1.0

==================================
r vectors:
(T = 1)
15-element Vector{Float64}:
 2.085105240024931
 1.6657433553459922
 1.8794221278199756
 2.254295856925826
 1.4075700605349355
 2.0664686165616932
 2.140834188563173
 2.1662247804177888
 2.0150840801746246
 1.749660108823416
 2.475159955428166
 2.1818747153639864
 2.5707917843562402
 2.6528477090089724
 2.6956455718898873
