==================================
Setup:
N: 15
T: 1
add: 1.0
del: 3.0
nat: 0.1
temp: 5.0
Source: Generated
A parameters: Normal{Float64}(μ=-0.07498799915476266, σ=0.28535680382806683)
r parameters: Normal{Float64}(μ=2.2267028066467236, σ=0.3198115664893998)
portion: 1.0
scaling: 1.0

==================================
Statistics:
Proportion of candidate states: 0.242828369140625
Candidate states: 7957
Total states: 32768
Total candidate pairs evaluated: 1000
Total natural transitions: 24622

Path length diff avg: -0.481
Path length diff val: [-3, -6, 1, 0, -5, -1, -2, 3, 4, 2, -4]
Path length diff count: [73, 1, 155, 329, 2, 198, 130, 15, 2, 64, 31]

Cost improvement avg: 6.313299999999999
Cost improvement val: [17.8, 9.6, 20.7, 3.8, 8.8, 6.9, 7.8, 6.8, 4.9, 14.8, 10.9, 9.9, 8.7, 12.8, 0.7, 9.8, 2.9, 7.9, 15.9, 1.9, 13.8, 11.8, 2.7, 0.0, 14.9, 8.9, 0.9, 0.8, 4.8, 2.8, 12.7, 7.6, 3.9, 16.7, 5.9, 5.8, 15.8, 11.7, 3.7, 18.8, 5.7, 7.7, 13.7, 1.8, 10.7, 4.7, 11.6, 6.7, 15.7, 9.7, 11.9, 13.9, 16.8, 10.8, 14.7, 17.7]
Cost improvement count: [3, 2, 2, 24, 53, 31, 42, 48, 28, 15, 8, 9, 11, 9, 1, 35, 110, 20, 1, 55, 10, 30, 1, 87, 1, 33, 14, 3, 39, 8, 7, 1, 29, 3, 73, 40, 5, 7, 1, 1, 6, 7, 1, 12, 5, 3, 1, 4, 3, 7, 7, 2, 3, 34, 3, 2]

==================================
A matrices:
(T = 1)
15×15 Matrix{Float64}:
 -1.0        -0.436359    -0.318499    -0.296735   -0.0805016  -0.1987       0.434928    0.191392   -0.179985    0.131482    0.239434   -0.319709   -0.406097   -0.116841     -0.0529931
 -0.129405   -1.0          0.118405    -0.114371   -0.698285    0.0435396   -0.0840239   0.172704    0.294029    0.104467   -0.536527    0.0646296  -0.163038   -0.205307     -0.140962
 -0.0562541  -0.399672    -1.0          0.0752125  -0.131639   -0.182018    -0.0154982   0.102544   -0.0123388  -0.595141   -0.6792     -0.0544945  -0.261844   -0.675336      0.227832
 -0.217521   -0.100898     0.0544801   -1.0         0.0320393   0.196084    -0.576722   -0.300415   -0.0496764   0.816336    0.0763154   0.34368    -0.328483   -0.272977     -0.188321
  0.171478   -0.202489    -0.170869     0.0691405  -1.0        -0.274246    -0.292481   -0.564868   -0.47025     0.086916   -0.122453   -0.53903     0.265437    0.158956     -0.0435522
  0.292675   -0.373034    -0.155093    -0.246162    0.422733   -1.0          0.173754    0.119566   -0.179134   -0.0911711   0.180687   -0.225653    0.0388209  -0.167259     -0.507556
  0.332087    0.0794586    0.00472562  -0.537076   -0.117788   -0.16998     -1.0        -0.0638029  -0.318388   -0.0618986   0.0575296  -0.18379     0.0226     -0.0997293    -0.687792
 -0.232196   -0.190404     0.674552    -0.172113    0.0302082   0.00182629  -0.409078   -1.0         0.167443    0.0761968  -0.258793    0.0664194   0.149949   -0.110266     -0.352693
 -0.161878    0.152393     0.276665     0.542479    0.0511355  -0.375347     0.335034    0.0362176  -1.0         0.0255975   0.336811    0.0631793  -0.259182   -0.372163     -0.0737118
 -0.0922232  -0.143353    -0.0948793   -0.212656    0.0345305  -0.486874     0.228948   -0.496813   -0.0533053  -1.0        -0.0455972   0.0113596  -0.704595   -0.0588882    -0.371599
  0.451635   -0.032308     0.055233    -0.238934   -0.124111    0.270116    -0.184958   -0.0922612  -0.372766   -0.316428   -1.0         0.064364    0.181609    0.000761474   0.288976
 -0.41944    -0.232504     0.063153     0.0215352  -0.174105   -0.0621565   -0.208911    0.406067    0.223894    0.0203413  -0.183245   -1.0         0.0590129  -0.292567     -0.0111568
  0.282106    0.00110342  -0.16063     -0.322595    0.345151   -0.350804     0.332296   -0.355193   -0.104067   -0.175536    0.21029    -0.152746   -1.0         0.341895     -0.387447
  0.213969   -0.211167     0.246349     0.164912   -0.0429634   0.52093     -0.256361   -0.0927702  -0.402154   -0.16983     0.389921   -0.231591    0.195381   -1.0           0.224858
 -0.116904    0.354221     0.0894774    0.0990918  -0.0361851   0.49731      0.020865   -0.0560647  -0.166886   -0.269302    0.247032   -0.0190465  -0.229936    0.206556     -1.0

==================================
r vectors:
(T = 1)
15-element Vector{Float64}:
 2.8228936546932046
 2.4701580562627563
 2.4045019400654923
 2.6029953411321545
 2.2093379367187245
 1.7772664052718836
 2.700623333796246
 2.076354558389349
 2.0200750145080635
 2.0373953020866087
 1.8869783920264531
 2.2034920670798845
 2.1316061833643603
 2.145560529340178
 2.4274568351779515
