==================================
Setup:
N: 15
T: 1
add: 1.0
del: 3.0
nat: 0.1
temp: 5.0
Source: Generated
A parameters: Normal{Float64}(μ=-0.07498799915476266, σ=0.28535680382806683)
r parameters: Normal{Float64}(μ=2.2267028066467236, σ=0.3198115664893998)
portion: 1.0
scaling: 1.0

==================================
Statistics:
Proportion of candidate states: 0.276763916015625
Candidate states: 9069
Total states: 32768
Total candidate pairs evaluated: 1000
Total natural transitions: 23699

Path length diff avg: -0.547
Path length diff val: [5, -3, -6, 1, 0, -5, -1, -2, 3, -8, 4, 2, -4]
Path length diff count: [1, 61, 1, 143, 402, 11, 170, 115, 9, 2, 4, 41, 40]

Cost improvement avg: 5.326700000000001
Cost improvement val: [1.7, 17.8, 9.6, 3.8, 8.8, 6.9, 7.8, 6.8, 4.9, 14.8, 10.6, 10.9, 9.9, 8.7, 12.8, 0.7, 9.8, 2.9, 7.9, 6.6, 12.5, 5.6, 3.6, 1.9, 17.6, 13.8, 17.9, 11.8, 2.7, 0.0, 14.9, 8.9, 16.9, 0.9, 0.8, 4.8, 2.8, 12.7, 7.6, 3.9, 16.7, 5.9, 5.8, 15.8, 11.7, 3.7, 5.7, 7.7, 13.7, 12.6, 1.8, 10.7, 4.7, 11.6, 6.7, 15.7, 9.7, 11.9, 13.9, 16.8, 10.8]
Cost improvement count: [1, 1, 1, 32, 50, 14, 44, 25, 46, 5, 4, 8, 7, 11, 5, 1, 16, 138, 18, 3, 1, 2, 2, 45, 1, 7, 1, 10, 2, 121, 2, 25, 1, 28, 8, 44, 7, 5, 2, 24, 1, 69, 51, 2, 7, 10, 7, 13, 8, 1, 11, 5, 4, 1, 9, 2, 4, 5, 1, 1, 20]

==================================
A matrices:
(T = 1)
15×15 Matrix{Float64}:
 -1.0         0.146147     0.214272   -0.205703   -0.334708    0.544384   -0.0842524   0.213365    -0.203896   -0.0671535   -0.0417487  -0.0374957    -0.289389   -0.0660404   0.283714
 -0.0277741  -1.0         -0.0748507   0.278759   -0.365989    0.485446   -0.239053   -0.0260567   -0.110521   -0.232659     0.531842    0.321999     -0.24377    -0.422263    0.242625
 -0.0266307  -0.33943     -1.0        -0.0940435  -0.0988748  -0.27       -0.128262   -0.543546     0.291026   -0.00333116  -0.0152045  -0.102585     -0.0151181  -0.378948    0.222122
 -0.393736   -0.250852     0.23028    -1.0         0.454702   -0.208628   -0.568801    0.00791546  -0.398714    0.229036     0.0496694  -0.060267     -0.18228     0.0460079   0.0193199
 -0.689875   -0.289649     0.0925536  -0.402132   -1.0        -0.711076   -0.0928412  -0.339768    -0.0527481  -0.189316     0.310497   -0.250254      0.0320196  -0.224589   -0.223292
 -0.594442   -0.0445404   -0.726781   -0.29903    -0.522477   -1.0        -0.314648   -0.149367     0.205527   -0.307146     0.0697475  -0.552302     -0.255476    0.204431    0.193476
 -0.15914    -0.324322    -0.516453   -0.84584    -0.56796    -0.146099   -1.0        -0.0943812   -0.330787   -0.196417    -0.0866145   0.000431282   0.124986    0.01855     0.0894828
  0.0696466   0.258255     0.199077    0.285849   -0.286659    0.212744    0.097778   -1.0         -0.29403     0.516        0.191553   -0.0496339     0.544399   -0.391198   -0.512203
 -0.331733   -0.00569786  -0.141076   -0.0195546  -0.492232   -0.558705    0.212367    0.0373814   -1.0        -0.39654     -0.243538   -0.130655     -0.138773    0.186996    0.059258
  0.218814   -0.00602235   0.284188    0.135941    0.11971    -0.13277     0.169421   -0.373278     0.167364   -1.0          0.718127    0.255689     -0.359277    0.204105   -0.441132
 -0.114582   -0.29109      0.17617     0.0139828  -0.0895654   0.034834    0.229168   -0.004736    -0.452037   -0.0534106   -1.0        -0.365965      0.0635691   0.100553   -0.00838821
 -0.20286    -0.27383     -0.155975    0.197582   -0.553441    0.0109731  -0.0809443  -0.364111     0.0336305  -0.108078     0.165125   -1.0          -0.0272224  -0.42063     0.0665555
 -0.600917   -0.0913667    0.448025   -0.257655    0.0682932  -0.0860386  -0.0484082  -0.240243    -0.388059    0.372802    -0.29955    -0.367892     -1.0        -0.129152   -0.322958
 -0.280894   -0.287204    -0.225933   -0.224577    0.592968    0.013782   -0.0631642  -0.0439874   -0.281658    0.278817     0.122583   -0.000933994  -0.102754   -1.0        -0.104635
  0.0924526  -0.301904    -0.327043   -0.24275     0.0937667   0.115406   -0.474718    0.0344142   -0.0678489  -0.242038    -0.376096   -0.491888      0.0626555  -0.200601   -1.0

==================================
r vectors:
(T = 1)
15-element Vector{Float64}:
 1.9303233045132984
 1.6935268914056163
 2.304496331675214
 2.3221395764910877
 2.452106740875875
 2.175766655348902
 2.014142484039205
 2.2629526591422056
 2.009682933114377
 2.2169751346858053
 1.7215909235068614
 2.4874015095637354
 2.2368688401247945
 2.997380467769427
 1.899747522713691
