==================================
Setup:
N: 15
T: 1
add: 1.0
del: 3.0
nat: 0.1
temp: 5.0
Source: Generated
A parameters: Normal{Float64}(μ=-0.07498799915476266, σ=0.28535680382806683)
r parameters: Normal{Float64}(μ=2.2267028066467236, σ=0.3198115664893998)
portion: 1.0
scaling: 1.0

==================================
Statistics:
Proportion of candidate states: 0.2020263671875
Candidate states: 6620
Total states: 32768
Total candidate pairs evaluated: 1000
Total natural transitions: 26137

Path length diff avg: -0.512
Path length diff val: [-3, -6, 1, 0, -5, -1, -2, 3, -7, 4, 2, -4]
Path length diff count: [67, 4, 133, 407, 7, 159, 126, 17, 1, 2, 47, 30]

Cost improvement avg: 5.6261
Cost improvement val: [1.7, 17.8, 3.8, 8.8, 6.9, 7.8, 6.8, 4.9, 14.8, 10.9, 10.5, 9.9, 8.7, 12.8, 0.7, 9.8, 2.9, 7.9, 3.6, 13.6, 12.9, 1.9, 13.8, 11.8, 2.7, 0.0, 14.9, 8.9, 16.9, 0.9, 0.8, 4.8, 2.8, 12.7, 3.9, 5.9, 5.8, 15.8, 11.7, 3.7, 5.7, 7.7, 13.7, 12.6, 1.8, 10.7, 4.7, 11.6, 6.7, 15.7, 9.7, 11.9, 13.9, 16.8, 10.8]
Cost improvement count: [1, 2, 29, 43, 27, 33, 33, 50, 5, 7, 1, 1, 10, 8, 1, 35, 131, 21, 1, 1, 2, 30, 9, 19, 2, 121, 1, 22, 1, 14, 6, 47, 12, 5, 29, 67, 52, 3, 8, 2, 6, 9, 1, 1, 15, 12, 5, 1, 4, 1, 10, 11, 3, 2, 27]

==================================
A matrices:
(T = 1)
15×15 Matrix{Float64}:
 -1.0          0.2939       0.376663   -0.333602    0.136754   -0.326337   -0.206697     0.393432     -0.0521291  -0.35985     0.0308165   0.0552201   -0.209893     0.00267284   0.265451
  0.0508579   -1.0         -0.293454   -0.214107   -0.565771   -0.144819   -0.355204    -0.141616      0.0885775  -0.41416     0.0766788   0.429749    -0.20573     -0.175441    -0.280431
 -0.507482    -0.629945    -1.0        -0.0213814  -0.561801   -0.531532   -0.634401    -0.317526     -0.116789    0.119811    0.52356    -0.0271992   -1.85722e-5  -0.575368    -0.360903
  0.60333      0.305727    -0.162046   -1.0        -0.506576    0.244774    0.0586271   -0.206623      0.244519   -0.349646    0.112369    0.264035     0.290305     0.0735598   -0.193701
 -0.00948869  -0.128176    -0.798369    0.0620946  -1.0         0.279995    0.0646269   -0.13088      -0.0945164   0.269227    0.126013    0.122266    -0.113891    -0.215287     0.144079
 -0.099232     0.247882     0.088975   -0.115153   -0.104037   -1.0         0.235482     0.2354        0.0369452  -0.230725   -0.0752994  -0.292848     0.171089    -0.302377    -0.0873534
 -0.443531    -0.236665    -0.181764   -0.0166955  -0.352804    0.369752   -1.0          0.280259     -0.0754627   0.521115    0.155289   -0.317213     0.188951    -0.389375    -0.462363
 -0.506153    -0.0447868    0.0152606   0.39852    -0.0817014   0.221037   -0.0918798   -1.0          -0.231987    0.0402858   0.467766   -0.862998    -0.0754349    0.0054585    0.448832
  0.0162427    0.00310561   0.189201   -0.513541   -0.236523   -0.0923227  -0.162334     0.0217328    -1.0        -0.40152    -0.37745    -0.0332941   -0.479601    -0.23109      0.631225
 -0.860432    -0.0434698    0.0865439  -0.120734   -0.314588    0.0708641  -0.413076     0.165932      0.24035    -1.0        -0.620292   -0.0616177   -0.113112     0.663399    -0.145718
 -0.108195     0.122814    -0.547073   -0.0348633  -0.186283   -0.61317     0.00668474  -0.340992      0.0115475  -0.462371   -1.0        -0.511123     0.12198     -0.0559237   -0.168441
 -0.0559144    0.0240964    0.655944   -0.375869   -0.315353   -0.145778   -0.249467     0.341252      0.423965    0.210223   -0.61441    -1.0         -0.208033     0.234524     0.106094
  0.0549022    0.493251     0.400358   -0.290039    0.184392    0.243821    0.468578    -0.000577696  -0.290317    0.0462851  -0.294343   -0.0117143   -1.0          0.0773691   -0.137097
 -0.142891     0.189123     0.0290388   0.16817    -0.37566    -0.0423255   0.293613    -0.356351      0.200334   -0.195253   -0.0476935  -0.130012    -0.422419    -1.0          0.0922164
 -0.0691403   -0.0520129   -0.295658   -0.844096   -0.413183   -0.302256   -0.33472      4.93723e-5    0.138815   -0.668338   -0.139182    0.00817959  -0.0823805   -0.0239365   -1.0

==================================
r vectors:
(T = 1)
15-element Vector{Float64}:
 2.1633107982461928
 1.9036536356227016
 2.3391289449550334
 2.254154772925269
 2.357381819703209
 2.289791642622981
 2.382145901877428
 2.2560425857875863
 2.56160063406605
 1.9342615961045175
 2.924431336432519
 2.0683811500415965
 1.9494528303078262
 2.521923530512659
 2.110151457355799
