==================================
Setup:
N: 15
T: 1
add: 1.0
del: 3.0
nat: 0.1
temp: 5.0
Source: Generated
A parameters: Normal{Float64}(μ=-0.07498799915476266, σ=0.28535680382806683)
r parameters: Normal{Float64}(μ=2.2267028066467236, σ=0.3198115664893998)
portion: 1.0
scaling: 1.0

==================================
Statistics:
Proportion of candidate states: 0.196441650390625
Candidate states: 6437
Total states: 32768
Total candidate pairs evaluated: 1000
Total natural transitions: 26296

Path length diff avg: -0.37
Path length diff val: [-3, -6, 1, 0, -5, -1, -2, 3, -8, 4, 2, -4]
Path length diff count: [50, 3, 146, 371, 9, 201, 120, 14, 1, 6, 66, 13]

Cost improvement avg: 5.9037
Cost improvement val: [1.7, 17.8, 3.8, 8.8, 6.9, 7.8, 8.6, 6.8, 4.9, 14.8, 10.6, 10.9, 9.9, 8.7, 12.8, 0.7, 9.8, 2.9, 7.9, 6.6, 19.8, 16.6, 4.6, 6.5, 13.6, 12.9, 1.9, 13.8, 11.8, 0.0, 14.9, 8.9, 16.9, 0.9, 0.8, 4.8, 2.8, 12.7, 7.6, 3.9, 16.7, 5.9, 5.8, 15.8, 11.7, 3.7, 5.7, 7.7, 13.7, 12.6, 14.4, 1.8, 10.7, 4.7, 11.6, 6.7, 9.7, 11.9, 13.9, 16.8, 10.8, 14.7, 17.7]
Cost improvement count: [1, 2, 28, 39, 17, 37, 2, 32, 36, 8, 3, 9, 4, 9, 11, 2, 27, 114, 18, 2, 1, 1, 1, 1, 1, 1, 53, 3, 17, 103, 3, 41, 1, 15, 7, 41, 6, 9, 1, 32, 2, 66, 60, 2, 5, 3, 10, 14, 7, 1, 1, 11, 7, 4, 1, 11, 11, 4, 1, 5, 29, 4, 2]

==================================
A matrices:
(T = 1)
15×15 Matrix{Float64}:
 -1.0          0.177239    0.275043   0.0979493   0.379078    0.304667   -0.317562    0.110206   -0.129071   -0.464024  -0.128378   -0.187866    0.146018   -0.0618341  -0.265526
 -0.0100212   -1.0         0.280321   0.120561    0.147513    0.22064    -0.376352   -0.439497    0.237395    0.187357  -0.584749   -0.235688   -0.47331     0.233965    0.429794
 -0.00827047  -0.198613   -1.0        0.0346344  -0.318824    0.118859    0.525143   -0.272622    0.234553   -0.933783   0.135331   -0.951572   -0.276196    0.153059    0.0125382
 -0.297015    -0.0268413   0.28662   -1.0         0.0975748  -0.110488   -0.292129   -0.3064     -0.267895   -0.438265   0.213897   -0.11291    -0.120164   -0.359858   -0.547804
  0.288169    -0.0857034  -0.504554  -0.177292   -1.0        -0.0431189  -0.238572   -0.454215    0.340751   -0.186514  -0.134122    0.11971    -0.0973767  -0.0272694  -0.130014
 -0.766853     0.0940721  -0.325511  -0.247148   -0.34889    -1.0        -0.212381   -0.0922521   0.130217   -0.318914  -0.353935   -0.0305079  -0.20325    -0.224013    0.00411965
  0.0115091   -0.560139   -0.404213  -0.665494   -0.37953    -0.515789   -1.0         0.053064    0.299331    0.200939   0.0144656   0.197888   -0.114388   -0.257149   -0.0363225
 -0.046335    -0.0459749  -0.945126   0.130742   -0.673749   -0.231357   -0.185876   -1.0         0.365276   -0.148202   0.0831111   0.515689   -0.404354   -0.22189     0.222716
  0.103663    -0.602843   -0.355013  -0.289961   -0.510604    0.145703    0.0879252  -0.359875   -1.0        -0.78731   -0.365764    0.0245035  -0.223523    0.188601   -0.345832
 -0.30236      0.174556   -0.143797   0.141418   -0.151172   -0.599728    0.0164011   0.0877552  -0.690444   -1.0        0.238553   -0.115695   -0.45955    -0.54635     0.0335369
  0.17543      0.107092   -0.375844  -0.444229   -0.162055   -0.432279   -0.0656744  -0.0638966  -0.682978   -0.220513  -1.0         0.194617   -0.601282   -0.277446    0.0855671
 -0.752517    -0.0165994   0.408957  -0.459742    0.0641755   0.279517    0.0217876  -0.0567636  -0.394741    0.342262  -0.356871   -1.0        -0.0364372   0.0924759   0.378219
 -0.621624    -0.307668   -0.146184  -0.248222   -0.0126162  -0.0866826  -0.0613527   0.103472   -0.122995    0.292529  -0.31091     0.0928839  -1.0        -0.511835   -0.000469861
 -0.485709     0.198819   -0.388578   0.239726    0.0176221   0.249499   -0.240192    0.258762   -0.391322    0.039181  -0.0440944  -0.47654    -0.117708   -1.0        -0.329135
 -0.280777     0.113679   -0.427312  -0.526773   -0.369975   -0.205823   -0.141553   -0.643115   -0.0919169  -0.290066  -0.363473   -0.119722    0.313549   -0.476987   -1.0

==================================
r vectors:
(T = 1)
15-element Vector{Float64}:
 1.687900204065615
 2.3407102874045265
 2.1774768775480577
 2.0763868417526865
 2.6903145891958746
 2.030726220985078
 1.91985654378662
 1.8620178020493519
 2.511198978633201
 1.4772681643738286
 1.8181267490458204
 2.2029977752846417
 2.1331707053681743
 2.7809854852530744
 2.7081154519273833
