==================================
Setup:
N: 15
T: 1
add: 1.0
del: 3.0
nat: 0.1
temp: 5.0
Source: Generated
A parameters: Normal{Float64}(μ=-0.07498799915476266, σ=0.28535680382806683)
r parameters: Normal{Float64}(μ=2.2267028066467236, σ=0.3198115664893998)
portion: 1.0
scaling: 1.0

==================================
Statistics:
Proportion of candidate states: 0.239593505859375
Candidate states: 7851
Total states: 32768
Total candidate pairs evaluated: 1000
Total natural transitions: 24912

Path length diff avg: -0.36
Path length diff val: [-3, -6, 1, 0, -5, -1, -2, 3, -7, 4, 2, -4]
Path length diff count: [43, 2, 153, 421, 11, 189, 98, 13, 3, 3, 49, 15]

Cost improvement avg: 5.348299999999997
Cost improvement val: [1.7, 19.7, 17.8, 9.6, 3.8, 8.8, 6.9, 7.8, 8.6, 6.8, 4.9, 14.8, 10.9, 9.9, 8.7, 12.8, 9.8, 2.9, 7.9, 6.6, 4.6, 14.6, 3.6, 12.9, 1.9, 13.8, 11.8, 2.7, 0.0, 14.9, 8.9, 0.9, 0.8, 4.8, 2.8, 12.7, 3.9, 16.7, 5.9, 5.8, 21.7, 11.7, 3.7, 5.7, 7.7, 13.7, 12.6, 1.8, 10.7, 4.7, 11.6, 6.7, 18.7, 15.7, 9.7, 11.9, 13.9, 10.8, 14.7]
Cost improvement count: [1, 1, 2, 3, 25, 34, 11, 30, 1, 36, 52, 3, 7, 4, 3, 3, 19, 158, 26, 2, 1, 2, 1, 1, 48, 3, 16, 3, 109, 2, 29, 15, 12, 49, 3, 4, 18, 2, 81, 56, 1, 7, 12, 7, 14, 4, 2, 10, 6, 7, 2, 8, 1, 2, 12, 8, 1, 17, 3]

==================================
A matrices:
(T = 1)
15×15 Matrix{Float64}:
 -1.0       -0.0112056     0.553585   -0.386653   -0.190451   -0.425853   -0.351166   -0.130471    0.290167   -0.213977    -0.353606   -0.167088    -0.0661646  -0.126929    -0.129261
 -0.28017   -1.0          -0.374562   -0.0799912   0.433307   -0.347591   -0.391742   -0.198397    0.229446   -0.165556    -0.445442   -0.147352    -0.437088   -0.0359044    0.0673274
  0.199112   0.2289       -1.0        -0.195674   -0.0762694  -0.165047   -0.234073    0.283933   -0.101589   -0.213169     0.236564    0.214469    -0.241516   -0.00346644  -0.327538
 -0.195841   0.65229       0.229776   -1.0        -0.268876    0.0961863   0.492009    0.109021   -0.189286    0.161859    -0.392418   -0.289047    -0.13835    -0.177182     0.127739
 -0.670699   0.00267387    0.0176682  -0.574372   -1.0        -0.660545    0.17771     0.160807   -0.297653    0.449505    -0.719059   -0.178566    -0.014001   -0.0277503   -0.110764
 -0.414019   0.145674     -0.352083   -0.59286     0.382738   -1.0        -0.429075    0.0351901   0.0384477  -0.107015    -0.0891053   0.00248382  -0.561931   -0.14603     -0.177254
 -0.569231  -0.000661555   0.42248     0.0132797   0.15765    -0.080628   -1.0        -0.108469   -0.192839    0.267209     0.320687   -0.348748    -0.452156    0.0141949    0.172543
  0.100197  -0.371243     -0.626511   -0.133555   -0.151779   -0.0289634  -0.682318   -1.0        -0.0442519   0.428389    -0.190354    0.25594     -0.381217   -0.189402    -0.174557
 -0.692844  -0.315602      0.210645   -0.0500105   0.197224    0.508023    0.0285456  -0.346557   -1.0        -0.372355     0.473383   -0.615148    -0.0650324   0.333234     0.156934
 -0.273779   0.0475203    -0.451322   -0.106542   -0.274177   -0.150534    0.0232202   0.0616197  -0.363781   -1.0         -0.51381     0.586219    -0.457333   -0.463632     0.134595
 -0.298755   0.298368     -0.365828    0.288805    0.297367   -0.0226549   0.0743785  -0.356894    0.158012   -0.314261    -1.0        -0.526359    -0.460837   -0.34673     -0.021537
 -0.722154  -0.58687      -0.540986    0.0544399   0.0274618  -0.576072   -0.44125     0.136049    0.101214    0.00347913   0.199666   -1.0          0.104267    0.0830485   -0.211232
 -0.464588   0.523576      0.0988734   0.0217115  -0.166123   -0.49834    -0.0646996   0.0019031  -0.551005   -0.351248     0.317591   -0.0296334   -1.0        -0.842885    -0.30917
 -0.287539   0.487017      0.260527   -0.153723   -0.129046   -0.108176   -0.264635   -0.16935    -0.391005    0.125099     0.145637   -0.204463    -0.55583    -1.0          0.00252359
 -0.18425   -0.676316     -0.346485   -0.172987    0.319649   -0.928679    0.261686   -0.236359    0.100262   -0.0627443   -0.388137   -0.156697    -0.415543   -0.0834032   -1.0

==================================
r vectors:
(T = 1)
15-element Vector{Float64}:
 1.4546729069407376
 2.540335231804386
 1.6601711085450288
 2.469195807092921
 1.8911328545293205
 2.0081985411246226
 1.9972637690922475
 2.4669825748000394
 2.624314306748984
 2.3200965402552094
 1.9369519662590287
 2.2241740523462568
 2.3593118899336605
 2.155534407754399
 1.534855009345101
