==================================
Setup:
N: 15
T: 1
add: 1.0
del: 3.0
nat: 0.1
temp: 5.0
Source: Generated
A parameters: Normal{Float64}(μ=-0.07498799915476266, σ=0.28535680382806683)
r parameters: Normal{Float64}(μ=2.2267028066467236, σ=0.3198115664893998)
portion: 1.0
scaling: 1.0

==================================
Statistics:
Proportion of candidate states: 0.27093505859375
Candidate states: 8878
Total states: 32768
Total candidate pairs evaluated: 1000
Total natural transitions: 23890

Path length diff avg: -0.661
Path length diff val: [-3, -6, 1, 0, -5, -1, -2, 3, -7, -9, 4, 2, -4]
Path length diff count: [71, 10, 120, 434, 24, 158, 102, 13, 2, 1, 1, 35, 29]

Cost improvement avg: 4.9359
Cost improvement val: [1.7, 17.7, 17.8, 3.8, 8.8, 6.9, 7.8, 8.6, 6.8, 4.9, 14.8, 10.6, 10.9, 9.9, 8.7, 15.6, 12.8, 0.7, 9.8, 2.9, 7.9, 6.6, 16.6, 12.5, 9.5, 14.6, 11.5, 5.6, 1.9, 13.8, 11.8, 2.7, 0.0, 14.9, 8.9, 0.9, 0.8, 4.8, 2.8, 12.7, 7.6, 3.9, 16.7, 5.9, 5.8, 11.7, 3.7, 5.7, 7.7, 13.7, 12.6, 1.8, 10.7, 4.7, 6.7, 9.7, 11.9, 13.9, 1.6, 16.8, 10.8, 14.7, 0.6]
Cost improvement count: [1, 1, 1, 29, 43, 16, 27, 2, 28, 32, 5, 2, 8, 3, 8, 1, 5, 1, 9, 173, 11, 2, 1, 1, 1, 1, 1, 2, 47, 3, 12, 3, 140, 1, 20, 16, 13, 41, 8, 7, 2, 17, 1, 75, 55, 6, 14, 5, 21, 6, 2, 17, 7, 8, 9, 6, 7, 1, 1, 1, 11, 1, 1]

==================================
A matrices:
(T = 1)
15×15 Matrix{Float64}:
 -1.0        -0.331133   -0.306933   -0.382493   -0.165862    0.362088     0.286764    0.130677   -0.147682    -0.325388    -0.174452   -0.399304   -0.187469    0.00542921  -0.279028
 -0.721195   -1.0        -0.0802993  -0.0492301  -0.112761   -0.0177349    0.0191883  -0.141377   -0.0658212   -0.0468888    0.0531024  -0.0996277  -0.0945079   0.170757    -0.327303
 -0.0109617   0.200037   -1.0        -0.334097    0.0558564  -0.0501013   -0.22353     0.408875    0.102852     0.0277174    0.447949   -0.177591    0.151722   -0.447363    -0.0420011
 -0.595713   -0.231605   -0.401604   -1.0         0.200498   -0.0823558   -0.0405249  -0.347311   -0.53326      0.237368    -0.640946   -0.562855   -0.0785575  -0.24222     -0.490662
  0.61199    -0.237765    0.0026705  -0.443452   -1.0         0.00279681  -0.583847   -0.263255   -0.00986604   0.293781    -0.514791    0.202157    0.4864     -0.458917     0.352429
 -0.1314      0.232725   -0.25218     0.43635    -0.0661128  -1.0         -0.455186    0.0778423  -0.210942    -0.225121    -0.185699   -0.220381   -0.312359   -0.0077362   -0.309318
 -0.137176   -0.340574   -0.0609321  -0.241669   -0.401929   -0.722942    -1.0         0.436117    0.215705     0.238178    -0.318257   -0.0227895  -0.148502   -0.102048    -0.262389
  0.164642   -0.337991   -0.0522785   0.157008    0.561505   -0.177005    -0.137044   -1.0        -0.236762    -0.238453    -0.0735211  -0.466448    0.381493    0.315495    -0.338596
  0.163609   -0.136378    0.0558903  -0.266999    0.128047   -0.38473     -0.296942    0.292724   -1.0          0.052606    -0.0181271   0.406514    0.0328635  -0.168641    -0.191283
 -0.167707    0.400346   -0.0771542  -0.136868    0.0348459   0.0482287    0.0775796  -0.521356   -0.684608    -1.0         -0.186484    0.205121    0.175763    0.00848671   0.407544
 -0.196752    0.0331752  -0.44626    -0.177065   -0.0810454  -0.413987     0.493673    0.280826   -0.0419551    0.00733791  -1.0         0.318577    0.161319    0.345644    -0.138562
 -0.204068    0.0529552  -0.0846804  -0.243928   -0.313993    0.155939    -0.123941    0.165851    0.27619     -0.385389    -0.321482   -1.0        -0.236855   -0.00576592   0.267745
  0.217073   -0.0791817   0.166489    0.667398   -0.488817    0.682042     0.274868    0.249299    0.108265    -0.141457     0.0498093   0.0479535  -1.0         0.201778     0.59568
 -0.153947   -0.239868   -0.21631    -0.294731    0.39941     0.267255    -0.297038    0.0390454  -0.272344     0.416505    -0.21755    -0.501156   -0.382909   -1.0          0.333253
  0.498022   -0.0467949  -0.19684    -0.145481    0.320132    0.109549     0.141946   -0.199081    0.471072    -0.188224    -0.024228   -0.357644    0.110977    0.225555    -1.0

==================================
r vectors:
(T = 1)
15-element Vector{Float64}:
 2.5706978801912093
 1.9913380992043999
 2.1686876094751315
 2.5805640389460778
 1.8215562932375962
 2.2377057229310267
 2.6574934068542087
 2.092434499779584
 2.11438302920906
 1.514932172999469
 2.250924240209037
 2.925016027838719
 2.3300029305827676
 2.2384369340411454
 2.213269735100959
