==================================
Setup:
N: 15
T: 1
add: 1.0
del: 3.0
nat: 0.1
temp: 5.0
Source: Generated
A parameters: Normal{Float64}(μ=-0.07498799915476266, σ=0.28535680382806683)
r parameters: Normal{Float64}(μ=2.2267028066467236, σ=0.3198115664893998)
portion: 1.0
scaling: 1.0

==================================
Statistics:
Proportion of candidate states: 0.376708984375
Candidate states: 12344
Total states: 32768
Total candidate pairs evaluated: 1000
Total natural transitions: 20424

Path length diff avg: -0.212
Path length diff val: [0, -5, -1, 2, -3, -2, -4, 3, 1]
Path length diff count: [563, 1, 130, 30, 35, 83, 8, 8, 142]

Cost improvement avg: 3.9091
Cost improvement val: [3.8, 8.8, 7.8, 8.6, 6.8, 4.9, 14.8, 10.9, 8.7, 9.8, 2.9, 7.9, 4.6, 14.6, 3.6, 1.9, 11.8, 2.7, 0.0, 8.9, 0.9, 0.8, 4.8, 2.8, 12.7, 7.6, 3.9, 5.9, 5.8, 11.7, 3.7, 5.7, 7.7, 1.8, 10.7, 4.7, 6.7, 15.7, 9.7, 11.9, 10.8, 14.7, 17.7]
Cost improvement count: [27, 33, 34, 2, 14, 30, 2, 1, 7, 5, 219, 5, 1, 1, 2, 57, 9, 3, 214, 19, 12, 11, 36, 7, 1, 3, 7, 93, 51, 3, 13, 1, 13, 17, 6, 13, 10, 2, 3, 5, 6, 1, 1]

==================================
A matrices:
(T = 1)
15×15 Matrix{Float64}:
 -1.0         0.204898   -0.0564212   -0.216414   -0.0579052  -0.150142    0.00203339   0.164517     0.537058   -0.153491   -0.0498269   0.424234   -0.0387256  -0.0313356  -0.387616
 -0.217504   -1.0         0.346873     0.0118079  -0.159715    0.0890287  -0.148101     0.0935019   -0.198027    0.0958426  -0.302511    0.0706706  -0.341277   -0.111362   -0.0773765
 -0.153771    0.0857487  -1.0         -0.0837924  -0.294182    0.0165886  -0.181649    -0.273446     0.0944617   0.027686   -0.290658   -0.138119    0.160353    0.0634068  -0.30329
 -0.369398   -0.154361    0.00359991  -1.0         0.0518968  -0.0510668   0.375914    -0.152367     0.267669   -0.434785   -0.484787    0.422787   -0.535733    0.0415732  -0.354266
 -0.507193    0.0980575  -0.041279    -0.512103   -1.0         0.118982    0.0494228    0.179977    -0.133721    0.249884   -0.0438304  -0.176992   -0.0239829  -0.412051   -0.295004
 -0.4817      0.175787   -0.423853    -0.356244   -0.22699    -1.0        -0.2671       0.00367613  -0.301398   -0.192321   -0.412259    0.219091   -0.338826   -0.20065     0.63081
  0.26372    -0.0675833  -0.00841743   0.0677509  -0.199609    0.19847    -1.0         -0.400921     0.263295    0.263485    0.0872216   0.399064    0.363651   -0.361144   -0.428054
 -0.367022    0.149163    0.308657    -0.0929974  -0.0176975  -0.153454   -0.296632    -1.0         -0.278626   -0.0352969  -0.144464    0.296619    0.0276101  -0.0686752   0.192281
  0.0130712   0.0761796  -0.463806     0.0433033   0.525265    0.414932   -0.628357    -0.0486458   -1.0        -0.312065   -0.781699    0.0177484  -0.301534   -0.511671   -0.227974
 -0.27981     0.0919653  -0.0572877    0.113603   -0.0848497  -0.321643   -0.18357     -0.314736     0.300557   -1.0         0.0487347  -0.512357   -0.316558    0.514978    0.109686
 -0.0390171  -0.15408     0.105149     0.153283    0.215659    0.0273751  -0.0714738   -0.352176     0.319539   -0.689229   -1.0        -0.432776    0.0234295  -0.422029   -0.0450492
 -0.377591   -0.341113    0.273211    -0.133468   -0.0272729   0.0932022   0.277444    -0.186898     0.151385    0.462923   -0.251049   -1.0        -0.01891     0.0986371  -0.0734878
  0.0624094  -0.607342    0.0993667   -0.123834   -0.0831001  -0.350514    0.137048    -0.0821533    0.182447    0.503917   -0.7608      0.506361   -1.0         0.345599    0.469069
 -0.26642    -0.697264   -0.146121     0.26126    -0.133819    0.474877   -0.0231481   -0.107339     0.181437   -0.177924    0.263759    0.0742539  -0.567744   -1.0        -0.00388291
  0.0979973  -0.0728341  -0.0958626   -0.198939   -0.262683   -0.0626832  -0.572386    -0.197129     0.561528   -0.458994   -0.116159    0.12636     0.404981   -0.281064   -1.0

==================================
r vectors:
(T = 1)
15-element Vector{Float64}:
 1.7564848821087118
 1.7737686792095984
 2.202627826855429
 1.9229136257792987
 2.1804139106366756
 2.1021096752398694
 2.213816997486994
 1.792289861149996
 2.2059446772408746
 1.9864712559040785
 1.9541572419722997
 2.5071229968092013
 2.536864093633221
 2.1056039655086063
 2.3231078332503428
