==================================
Setup:
N: 15
T: 1
add: 1.0
del: 3.0
nat: 0.1
temp: 5.0
Source: Generated
A parameters: Normal{Float64}(μ=-0.07498799915476266, σ=0.28535680382806683)
r parameters: Normal{Float64}(μ=2.2267028066467236, σ=0.3198115664893998)
portion: 1.0
scaling: 1.0

==================================
Statistics:
Proportion of candidate states: 0.21710205078125
Candidate states: 7114
Total states: 32768
Total candidate pairs evaluated: 1000
Total natural transitions: 25613

Path length diff avg: -0.594
Path length diff val: [5, -3, -6, 1, 0, -5, -1, -2, 3, -7, 4, 2, -4]
Path length diff count: [1, 74, 5, 143, 398, 8, 175, 121, 4, 1, 1, 39, 30]

Cost improvement avg: 5.304000000000002
Cost improvement val: [1.7, 17.8, 9.6, 3.8, 8.8, 6.9, 7.8, 6.8, 4.9, 14.8, 10.9, 9.9, 8.7, 12.8, 9.8, 2.9, 7.9, 6.6, 9.5, 5.6, 12.9, 1.9, 13.8, 11.8, 2.7, 0.0, 14.9, 8.9, 0.9, 0.8, 4.8, 2.8, 3.9, 16.7, 5.9, 20.8, 5.8, 11.7, 3.7, 5.7, 7.7, 13.7, 12.6, 1.8, 10.7, 4.7, 11.6, 6.7, 15.7, 9.7, 11.9, 13.9, 1.6, 10.8, 14.7]
Cost improvement count: [2, 1, 1, 23, 50, 10, 38, 32, 49, 3, 10, 5, 5, 9, 22, 155, 15, 1, 1, 1, 1, 53, 8, 15, 2, 103, 2, 27, 31, 6, 50, 6, 26, 2, 82, 1, 52, 6, 4, 4, 6, 2, 3, 13, 6, 5, 1, 9, 1, 8, 9, 1, 1, 20, 1]

==================================
A matrices:
(T = 1)
15×15 Matrix{Float64}:
 -1.0        -0.327873    0.0855734   0.18875     -0.545989   -0.0348724   -0.0357401   0.144443   -0.0979893  -0.0900905    0.222871    0.236221   -0.365423   -0.201891    -0.319122
 -0.201796   -1.0        -0.0444922   0.385033    -0.192838   -0.358174     0.823765    0.336623   -0.0522818   0.14277     -0.215588    0.46601     0.311558    0.461806     0.137988
 -0.067239   -0.528871   -1.0         0.0654054   -0.0672001  -0.402709    -0.280848   -0.15347    -0.178433   -0.562327     0.280526   -0.151426   -0.283388   -0.31954     -0.135911
 -0.160448    0.0421947   0.119364   -1.0          0.0099328   0.316401    -0.239665   -0.18332    -0.271408   -0.264765     0.244763    0.506976    0.341462    0.0765071    0.0982225
  0.432337   -0.319353   -0.457116   -0.460688    -1.0        -0.0918434    0.0561003  -0.281214   -0.27353     0.380162    -0.110175   -0.0590821   0.260464    0.195395    -0.117916
 -0.401693   -0.374894   -0.142984    0.0112941   -0.330245   -1.0         -0.0044456  -0.0351347  -0.197661    0.0798089   -0.379314   -0.280261    0.34437     0.0695607    0.00677924
 -0.208708    0.0682838   0.215893    0.274647    -0.644205   -0.488436    -1.0        -0.477153   -0.251059    0.00214132   0.0119606  -0.12147     0.539966   -0.482157     0.201509
 -0.0304314  -0.136696    0.125267   -0.205675    -0.128431    0.60642     -0.255357   -1.0        -0.299717    0.257093    -0.588923   -0.15725    -0.131436    0.00284885   0.0575872
 -0.828898   -0.276571   -0.116425   -0.180209    -0.242048   -0.0390879   -0.366172   -0.713566   -1.0        -0.353279    -0.112851   -0.660954   -0.428386    0.405351    -0.10374
  0.211313   -1.31271     0.108467   -0.242752    -0.505706    0.0154718   -0.449236   -0.271917   -0.122611   -1.0          0.104871   -0.712281    0.0609112   0.175969     0.202354
  0.233877    0.0876165   0.444175    0.179016    -0.105926    0.00385395   0.121071   -0.469389   -0.20084    -0.240827    -1.0        -0.404121    0.0866391  -0.181224     0.31289
 -0.0216183  -0.480782   -0.179788   -0.00666713  -0.180998   -0.53887     -0.101983    0.0944713  -0.0780295  -0.37212     -0.120569   -1.0         0.55029    -0.456686     0.187494
  0.0728693  -0.181255    0.140904   -0.130669     0.27013    -0.342457    -0.156243    0.113632    0.0413065  -0.129906     0.118921   -0.460888   -1.0        -0.264382    -0.0761145
  0.350587    0.0303116  -0.0501572   0.111671    -0.133204   -0.34051     -0.171656    0.712288   -0.184133   -0.199064    -0.287512   -0.176344   -0.600094   -1.0          0.114817
  0.0298985  -0.0771604  -0.317882   -0.308426    -0.0714255  -0.643006    -0.102202    0.058455   -0.197873   -0.0509531    0.2762     -0.546693   -0.244372   -0.0384107   -1.0

==================================
r vectors:
(T = 1)
15-element Vector{Float64}:
 2.1958973284198446
 1.758488536088263
 2.2376139317332338
 2.2883025367152534
 2.633615998997291
 2.0093187567426556
 2.4544548873981005
 2.753567653091836
 1.791344595286051
 2.751175521261149
 1.8130461880410838
 2.03183047974196
 2.0690665456844686
 2.2511773194567426
 2.277625212104231
