==================================
Setup:
N: 15
T: 1
add: 1.0
del: 3.0
nat: 0.1
temp: 5.0
Source: Generated
A parameters: Normal{Float64}(μ=-0.07498799915476266, σ=0.28535680382806683)
r parameters: Normal{Float64}(μ=2.2267028066467236, σ=0.3198115664893998)
portion: 1.0
scaling: 1.0

==================================
Statistics:
Proportion of candidate states: 0.456085205078125
Candidate states: 14945
Total states: 32768
Total candidate pairs evaluated: 1000
Total natural transitions: 17823

Path length diff avg: -0.322
Path length diff val: [0, -5, -1, 2, -3, -6, -4, -2, 3, 1]
Path length diff count: [555, 1, 122, 29, 50, 2, 14, 90, 4, 133]

Cost improvement avg: 3.9694999999999996
Cost improvement val: [9.6, 3.8, 8.8, 7.8, 8.6, 6.8, 4.9, 14.8, 8.7, 0.7, 9.8, 2.9, 7.9, 6.6, 14.6, 6.5, 5.6, 3.6, 13.6, 1.9, 11.8, 2.7, 0.0, 8.9, 0.9, 0.8, 4.8, 2.8, 12.7, 7.6, 3.9, 2.6, 5.9, 5.8, 11.7, 3.7, 7.7, 12.6, 1.8, 10.7, 4.7, 11.6, 6.7, 9.7, 11.9, 1.6, 10.8, 14.7]
Cost improvement count: [4, 22, 31, 11, 1, 7, 21, 1, 11, 3, 3, 252, 5, 6, 2, 1, 2, 5, 1, 52, 9, 3, 181, 19, 9, 23, 38, 3, 1, 4, 1, 1, 85, 74, 7, 15, 22, 1, 15, 4, 11, 2, 19, 3, 3, 1, 3, 2]

==================================
A matrices:
(T = 1)
15×15 Matrix{Float64}:
 -1.0         0.216299   -0.0456995   -0.105951     0.322246    -0.214503   -0.148689   0.110588    0.144764  -0.131441   -0.277595   -0.0192191   0.236464    0.0436831   0.115623
  0.11926    -1.0        -0.689752     0.468669    -0.21177      0.151943   -0.226398   0.0312006  -0.253645   0.0553386   0.0695699   0.136617   -0.14012     0.0207722  -0.41271
  0.080763    0.199104   -1.0         -0.141093    -0.308816    -0.249974    0.140402  -0.477031   -0.282911  -0.10494    -0.0336584  -0.079328    0.121096   -0.161315    0.113019
  0.148658   -0.189769   -0.398333    -1.0         -0.129881     0.395373   -0.484661  -0.0571343  -0.220774  -0.568945   -0.261388   -0.250935   -0.135414    0.122653   -0.317951
 -0.116045    0.142477    0.367055     0.589989    -1.0          0.306526   -0.151894  -0.320833   -0.531024  -0.56931    -0.0498797   0.223888   -0.526389   -0.631562   -0.0930522
 -0.435009    0.323648    0.0728977    0.00112458  -0.00240501  -1.0        -0.26387    0.0955973  -0.135982   0.31785     0.227175   -0.128423   -0.0579989  -0.458754   -0.0797153
  0.240719    0.0960025  -0.260083    -0.238898    -0.383676    -0.0299439  -1.0        0.0499652  -0.35279   -0.428802   -0.566995   -0.174538   -0.334925    0.223853   -0.171377
  0.271638   -0.925286    0.207807    -0.0318587    0.149291     0.0785214   0.33783   -1.0        -0.589153  -0.231988    0.65259    -0.502005   -0.0151166  -0.0927369  -0.138597
 -0.092281   -0.315643   -0.0693298    0.0510745   -0.199815    -0.366059   -0.295965  -0.194919   -1.0       -0.0257161  -0.172602    0.330775   -0.0582662   0.21573    -0.235772
 -0.141601    0.499366   -0.162566    -0.187763    -0.0458718    0.230127   -0.197756  -0.017904    0.220525  -1.0        -0.0758727  -0.270313   -0.0227405  -0.426814    0.0419199
  0.333135   -0.363126    0.247727    -0.383441     0.397371    -0.157642    0.294141  -0.0939727  -0.299893  -0.124656   -1.0         0.243329   -0.149668    0.0128913  -0.182786
  0.0652308   0.354613   -0.00453779   0.0637147    0.113188    -0.0449375   0.169034   0.032804   -0.242987  -0.149828    0.0667942  -1.0         0.0621536  -0.394614   -0.124766
  0.631019   -0.122713   -0.408699    -0.17434      0.150879    -0.116553    0.386974   0.0348286  -0.505626  -0.0718643   0.21941    -0.172934   -1.0        -0.104706   -0.594458
 -0.809029    0.46912    -0.148543    -0.042816     0.0119592    0.123312    0.139837  -0.0796381   0.219716  -0.09716     0.219799   -0.211305   -0.18755    -1.0        -0.0088456
 -0.201815   -0.203601   -0.308205    -0.244541    -0.552086     0.216313    0.114295  -0.298407   -0.690485  -0.150225    0.250453   -0.205379   -0.115174   -0.0755646  -1.0

==================================
r vectors:
(T = 1)
15-element Vector{Float64}:
 1.730028306221494
 1.884807501702873
 2.3344062018367144
 2.53526297376884
 1.9463479123018539
 2.3288265706097975
 2.4166673966521013
 2.208928791680061
 2.4740779432937616
 1.301727331658174
 1.847123615492546
 2.412457688762047
 2.4370735295104993
 2.3003714202239234
 2.245188152519461
