==================================
Setup:
N: 10
T: 1
add: 1.0
del: 3.0
nat: 0.1
temp: 5.0
Source: Generated
A parameters: Normal{Float64}(μ=-0.34957337852079434, σ=0.317489533866379)
r parameters: Normal{Float64}(μ=2.0900457675864015, σ=0.34374938386010706)
portion: 1.0
scaling: 1.0

==================================
Statistics:
Proportion of candidate states: 0.31640625
Candidate states: 324
Total states: 1024
Total candidate pairs evaluated: 1000
Total natural transitions: 693

Path length diff avg: -0.422
Path length diff val: [0, -5, -1, 2, -3, -6, -4, -2, 3, 1]
Path length diff count: [575, 2, 159, 21, 35, 3, 15, 102, 2, 86]

Cost improvement avg: 3.2387
Cost improvement val: [9.6, 3.8, 8.8, 6.9, 7.8, 6.8, 4.9, 10.9, 8.7, 12.8, 0.7, 9.8, 2.9, 7.9, 5.6, 13.6, 1.9, 13.8, 11.8, 2.7, 0.0, 8.9, 0.9, 0.8, 4.8, 2.8, 12.7, 3.9, 5.9, 5.8, 3.7, 5.7, 7.7, 1.8, 10.7, 4.7, 6.7, 9.7, 11.9, 10.8, 14.7]
Cost improvement count: [2, 14, 21, 10, 15, 22, 50, 1, 2, 2, 1, 11, 182, 19, 3, 1, 61, 1, 6, 2, 291, 16, 41, 8, 33, 11, 1, 35, 54, 43, 4, 1, 4, 16, 1, 2, 3, 2, 2, 5, 1]

==================================
A matrices:
(T = 1)
10×10 Matrix{Float64}:
 -1.0        -0.867832  -0.0858349  -0.627865   -0.209173    -0.969739  -0.234928    0.100809   -0.441285   -0.28552
 -0.453356   -1.0       -0.742565   -0.0936294  -0.189577    -0.21451   -0.829249    0.021997   -0.143322   -0.0409496
 -0.492154    0.16686   -1.0        -0.810407    0.0449298   -0.128166  -0.482691   -0.393143   -0.863663   -0.853085
 -0.199779   -0.365551  -0.372052   -1.0        -0.253977    -0.768664  -0.903025   -0.132627   -0.105979   -0.322906
 -0.247034   -0.135441  -0.44315    -0.794191   -1.0         -0.485624  -0.087784   -0.0217801  -0.19098    -0.152327
  0.20072    -0.103181  -0.17696    -0.67315     0.268884    -1.0        0.0646864  -1.17522     0.269838   -0.443074
  0.0831903  -0.759126  -0.125648   -0.455142   -0.00154985  -0.314696  -1.0        -0.0613456  -0.336838   -0.118198
 -0.510158   -0.387188  -0.0748814  -0.594897   -0.202135    -0.224706  -0.155728   -1.0         0.0579891  -0.279329
  0.115145   -0.459266  -0.274302   -0.375708   -0.55556     -0.140158  -0.221135   -0.593562   -1.0        -0.361595
 -0.177065   -0.721594  -0.889218   -0.0285262  -0.736994    -0.670078  -0.542864   -0.158794   -0.421554   -1.0

==================================
r vectors:
(T = 1)
10-element Vector{Float64}:
 2.254209326805426
 1.7574947637406293
 2.2602679452381946
 2.0404471799380057
 1.877856856343073
 1.536726959974409
 1.8021998264950598
 1.1568400776900924
 1.7739828026723616
 1.526836821338963
