==================================
Setup:
N: 10
T: 1
add: 1.0
del: 3.0
nat: 0.1
temp: 5.0
Source: Generated
A parameters: Normal{Float64}(μ=-0.34957337852079434, σ=0.317489533866379)
r parameters: Normal{Float64}(μ=2.0900457675864015, σ=0.34374938386010706)
portion: 1.0
scaling: 1.0

==================================
Statistics:
Proportion of candidate states: 0.3798828125
Candidate states: 389
Total states: 1024
Total candidate pairs evaluated: 1000
Total natural transitions: 635

Path length diff avg: -0.225
Path length diff val: [0, -5, -1, 2, -3, -2, -4, 3, 1]
Path length diff count: [642, 3, 137, 15, 17, 71, 7, 5, 103]

Cost improvement avg: 2.649600000000001
Cost improvement val: [1.7, 5.8, 11.7, 1.9, 3.7, 11.8, 7.7, 0.0, 1.8, 2.9, 8.9, 7.9, 3.8, 4.7, 8.8, 9.8, 0.9, 6.7, 6.9, 0.8, 4.8, 7.8, 2.8, 4.6, 12.7, 7.6, 8.6, 6.8, 11.9, 4.9, 3.9, 10.9, 2.6, 10.8, 5.9]
Cost improvement count: [1, 31, 1, 75, 5, 1, 5, 349, 16, 219, 13, 6, 13, 3, 9, 4, 31, 3, 6, 8, 34, 8, 2, 1, 1, 1, 1, 6, 5, 35, 17, 1, 1, 1, 87]

==================================
A matrices:
(T = 1)
10×10 Matrix{Float64}:
 -1.0        -0.607782    -0.26248   -1.27253    -0.496013    0.0120315  -0.398736   -0.493871   -0.545828   -0.0325303
 -0.292871   -1.0         -0.352528  -0.741753   -0.0161704  -0.429087   -0.253416   -0.0412985  -0.207133    0.252768
 -0.230709   -0.329511    -1.0       -0.29663    -0.38156    -0.265398   -0.69751    -0.558293   -0.471046   -0.301136
 -0.332694   -0.545486    -0.561797  -1.0        -0.247786   -0.378476   -0.194569   -0.437751   -0.115655   -0.432903
 -0.955448   -0.286654    -0.492317  -0.632441   -1.0        -0.588057   -0.560554   -0.607016   -0.503344   -0.206821
 -0.725307   -0.259491    -0.585731  -0.520662   -0.179474   -1.0        -0.225903   -0.153514   -0.189664   -0.58554
 -0.873195   -0.00308121  -0.555855   0.0404482  -0.51608    -1.12141    -1.0        -0.508585   -0.265293   -0.0246797
 -0.727456    0.0277714   -0.374949  -0.286879    0.0191722  -0.974656   -0.238846   -1.0        -0.0494684  -0.703706
 -0.0361287  -0.303456    -0.238119  -0.340184   -0.615658   -0.0106363   0.0302873  -0.545852   -1.0        -0.362256
 -0.953567    0.0549647   -0.128465  -0.0274408  -0.43225    -0.451545   -0.135361   -0.237332   -0.681095   -1.0

==================================
r vectors:
(T = 1)
10-element Vector{Float64}:
 2.074186230005897
 1.9692509814691033
 2.292294704296871
 2.5431930330245622
 2.830590360801327
 1.8995676963622863
 2.069068032697074
 2.6506052110441787
 2.5250353695345265
 2.4625281140125788
