==================================
Setup:
N: 10
T: 1
add: 1.0
del: 3.0
nat: 0.1
temp: 5.0
Source: Generated
A parameters: Normal{Float64}(μ=-0.34957337852079434, σ=0.317489533866379)
r parameters: Normal{Float64}(μ=2.0900457675864015, σ=0.34374938386010706)
portion: 1.0
scaling: 1.0

==================================
Statistics:
Proportion of candidate states: 0.2783203125
Candidate states: 285
Total states: 1024
Total candidate pairs evaluated: 1000
Total natural transitions: 733

Path length diff avg: -0.507
Path length diff val: [0, -5, -1, 2, -3, -6, -4, -2, 3, 1]
Path length diff count: [546, 4, 149, 19, 44, 1, 14, 137, 3, 83]

Cost improvement avg: 3.084499999999999
Cost improvement val: [1.7, 5.8, 1.9, 3.7, 8.7, 5.7, 13.8, 11.8, 7.7, 2.7, 0.0, 1.8, 2.9, 8.9, 7.9, 3.8, 4.7, 8.8, 6.6, 0.9, 9.8, 6.7, 10.7, 0.8, 4.8, 7.8, 2.8, 8.6, 6.8, 9.7, 4.9, 11.9, 3.9, 3.6, 10.8, 5.9]
Cost improvement count: [2, 31, 87, 1, 4, 7, 3, 2, 1, 2, 258, 13, 181, 14, 7, 48, 6, 13, 1, 59, 7, 8, 4, 16, 26, 20, 18, 1, 27, 3, 56, 3, 5, 1, 4, 61]

==================================
A matrices:
(T = 1)
10×10 Matrix{Float64}:
 -1.0        -0.315021  -0.659423  -0.748996  -0.342452   -0.466139    -0.402623   -0.299756  -0.348117   -0.326942
 -0.410185   -1.0       -0.587772  -0.227831  -0.0549886   0.254661    -1.00117     0.174977  -0.372911   -0.662166
 -0.789418   -0.4678    -1.0       -0.702192  -0.237245    0.280906    -0.536681   -0.434768  -0.711945   -0.849499
 -0.479912   -0.43174    0.211739  -1.0       -0.50045    -0.2198       0.0822631   0.310728  -0.372502   -0.0015442
  0.0296781  -0.566718   0.1568    -0.6137    -1.0        -0.381902     0.43023     0.177369  -0.522856   -0.377318
 -0.410548   -0.559587  -0.962931  -0.422078  -0.240371   -1.0         -0.0384874  -0.818954   0.243406   -0.54852
 -0.0883438  -0.428696  -0.269536  -0.468689  -0.610889   -0.751673    -1.0        -0.624164   0.0328971  -0.15056
 -0.654769   -0.465369  -0.333895  -0.661591  -0.758699   -0.00627567  -0.0678978  -1.0        0.238701   -0.963697
 -0.0868797   0.10438    0.310402  -0.412499  -0.589818   -0.0836671   -0.627972   -0.331562  -1.0        -0.863389
 -0.236634   -0.146501   0.351807  -0.178781  -0.464823   -0.183024    -0.297158   -0.620834  -0.818201   -1.0

==================================
r vectors:
(T = 1)
10-element Vector{Float64}:
 2.2300086178968215
 2.1256576437224965
 1.9196931767253944
 2.6506409592822204
 1.3404560184125869
 2.017733584591062
 1.9961564488001362
 2.3566642787369783
 2.1179421040794724
 2.108390833550888
