==================================
Setup:
N: 10
T: 1
add: 1.0
del: 3.0
nat: 0.1
temp: 5.0
Source: Generated
A parameters: Normal{Float64}(μ=-0.34957337852079434, σ=0.317489533866379)
r parameters: Normal{Float64}(μ=2.0900457675864015, σ=0.34374938386010706)
portion: 1.0
scaling: 1.0

==================================
Statistics:
Proportion of candidate states: 0.3310546875
Candidate states: 339
Total states: 1024
Total candidate pairs evaluated: 1000
Total natural transitions: 675

Path length diff avg: -0.361
Path length diff val: [0, -1, 2, -3, -6, -4, -2, 3, 1]
Path length diff count: [521, 179, 34, 20, 1, 6, 135, 3, 101]

Cost improvement avg: 3.4590999999999994
Cost improvement val: [3.8, 8.8, 6.9, 7.8, 6.8, 4.9, 14.8, 10.9, 8.7, 12.8, 0.7, 9.8, 2.9, 7.9, 1.9, 13.8, 11.8, 2.7, 0.0, 8.9, 0.9, 0.8, 4.8, 2.8, 3.9, 5.9, 5.8, 3.7, 5.7, 7.7, 13.7, 1.8, 10.7, 4.7, 6.7, 15.7, 9.7, 11.9, 10.8]
Cost improvement count: [37, 14, 2, 21, 24, 60, 1, 1, 3, 4, 1, 8, 158, 12, 86, 4, 7, 2, 250, 22, 56, 4, 31, 5, 36, 66, 44, 1, 1, 3, 3, 7, 3, 3, 8, 1, 1, 2, 8]

==================================
A matrices:
(T = 1)
10×10 Matrix{Float64}:
 -1.0        0.0695367  -0.302589   -0.535417  -0.513916  -0.992204   -0.300163   -0.0546126   0.183485  -0.157571
 -0.407191  -1.0        -0.236472   -0.322041  -0.91265   -0.190502    0.133405   -0.350191   -0.587346  -0.417298
 -1.02137   -0.239178   -1.0        -0.401902  -0.479584  -0.459122   -0.184428   -0.834085   -0.362282  -0.42012
 -0.327871  -0.594284    0.419551   -1.0       -0.809396  -0.576855   -0.226981   -0.697809   -0.405248  -0.827231
 -0.557194  -0.610614   -0.741577    0.142962  -1.0        0.215832    0.0163478  -0.91147    -0.267073   0.303603
 -0.36988   -0.187213   -0.484661    0.112614  -0.227195  -1.0         0.199492   -0.0716653  -0.106785  -0.163525
 -0.607391  -0.32341    -0.0907343  -0.317285  -0.309465   0.0894815  -1.0        -0.0896634   0.207947  -0.845999
 -0.335272  -0.647408   -0.160995   -0.22593   -0.618071  -0.281761   -0.351872   -1.0        -0.12258   -0.574098
 -0.629399  -0.451032   -0.560718   -0.705355  -0.460382   0.38759    -0.530917   -0.0473296  -1.0       -0.180539
 -0.281174   0.12073    -0.524381   -0.723607   0.169344  -0.399355   -0.428677   -0.308502   -0.567929  -1.0

==================================
r vectors:
(T = 1)
10-element Vector{Float64}:
 2.342588723312886
 2.093538575753699
 2.073714380456289
 2.599204900946139
 1.94364738568225
 1.1561322584242502
 1.8801526669051802
 2.4772864514335002
 1.843329410580787
 2.1575189503808834
