==================================
Setup:
N: 10
T: 1
add: 1.0
del: 3.0
nat: 0.1
temp: 5.0
Source: Generated
A parameters: Normal{Float64}(μ=-0.34957337852079434, σ=0.317489533866379)
r parameters: Normal{Float64}(μ=2.0900457675864015, σ=0.34374938386010706)
portion: 1.0
scaling: 1.0

==================================
Statistics:
Proportion of candidate states: 0.23046875
Candidate states: 236
Total states: 1024
Total candidate pairs evaluated: 1000
Total natural transitions: 787

Path length diff avg: -0.442
Path length diff val: [0, -5, -1, 2, -3, -2, -4, 3, 1]
Path length diff count: [528, 2, 186, 15, 37, 128, 3, 1, 100]

Cost improvement avg: 3.3350000000000004
Cost improvement val: [1.7, 5.8, 11.7, 1.9, 3.7, 8.7, 5.7, 11.8, 7.7, 9.6, 13.7, 12.8, 0.0, 1.8, 2.9, 8.9, 7.9, 3.8, 4.7, 8.8, 9.8, 0.9, 10.7, 6.7, 6.9, 0.8, 4.8, 7.8, 2.8, 12.7, 6.8, 9.7, 4.9, 11.9, 3.9, 5.6, 10.8, 5.9]
Cost improvement count: [2, 18, 3, 80, 1, 8, 7, 3, 4, 2, 1, 1, 267, 8, 143, 12, 13, 55, 2, 10, 13, 45, 1, 2, 1, 8, 36, 38, 20, 2, 37, 5, 52, 1, 23, 2, 2, 72]

==================================
A matrices:
(T = 1)
10×10 Matrix{Float64}:
 -1.0        -0.449298   -0.246548  -0.791063   -0.554315  -0.144665   -0.387028   -0.289959  -0.709351   -0.858079
 -0.554817   -1.0        -0.361227  -0.246116   -0.334127  -0.202149    0.0842277  -0.199592  -0.716744   -0.400985
 -0.155919   -0.224924   -1.0       -0.615424   -1.47398   -0.035794   -0.424606    0.382838   0.111481   -0.676382
 -0.300501   -0.648392   -1.17271   -1.0        -0.514863  -0.0549435   0.0841684  -0.301756  -0.0529249  -0.0845611
 -0.771459   -0.675484   -0.787182  -0.628119   -1.0       -0.736928   -0.575679   -0.163955  -0.23054    -0.471234
 -0.0916692  -0.873683   -0.371367  -0.680573   -0.219883  -1.0        -0.0812131  -0.325186  -0.0086157  -0.302319
 -0.430684   -0.125062   -0.523439  -0.586486   -0.505542  -0.868182   -1.0        -0.354459  -0.174332   -0.781854
 -0.470403   -0.0946079  -0.534628  -0.112738   -0.400715  -0.623779   -0.674525   -1.0       -0.464539    0.0709766
 -0.947806    0.0631952  -0.232009  -0.0651896  -0.584361  -0.0835911  -0.706771    0.251903  -1.0        -0.022899
 -0.558712    0.0103996  -0.247478  -0.423518   -0.893571  -0.749567   -0.213267   -0.188156  -0.51532    -1.0

==================================
r vectors:
(T = 1)
10-element Vector{Float64}:
 2.045452447413526
 2.6726972524005683
 1.716391396458882
 2.4769275094653285
 1.5723065994994263
 1.5179896709079137
 2.0310084038530043
 1.866873699408074
 1.8601121538001852
 1.4169101552351548
