==================================
Setup:
N: 10
T: 1
add: 1.0
del: 3.0
nat: 0.1
temp: 5.0
Source: Generated
A parameters: Normal{Float64}(μ=-0.34957337852079434, σ=0.317489533866379)
r parameters: Normal{Float64}(μ=2.0900457675864015, σ=0.34374938386010706)
portion: 1.0
scaling: 1.0

==================================
Statistics:
Proportion of candidate states: 0.3271484375
Candidate states: 335
Total states: 1024
Total candidate pairs evaluated: 1000
Total natural transitions: 688

Path length diff avg: -0.502
Path length diff val: [0, -5, -1, 2, -3, -2, -4, 3, 1]
Path length diff count: [515, 6, 165, 21, 41, 139, 13, 2, 98]

Cost improvement avg: 3.4648
Cost improvement val: [1.7, 3.8, 8.8, 6.9, 7.8, 6.8, 4.9, 10.9, 8.7, 12.8, 0.7, 9.8, 2.9, 7.9, 4.6, 1.9, 11.8, 2.7, 0.0, 8.9, 0.9, 0.8, 4.8, 2.8, 3.9, 5.9, 5.8, 11.7, 3.7, 5.7, 7.7, 13.7, 1.8, 10.7, 4.7, 6.7, 9.7, 11.9, 10.8, 14.7]
Cost improvement count: [2, 68, 15, 5, 22, 28, 42, 5, 1, 7, 1, 9, 168, 11, 2, 70, 5, 1, 252, 14, 28, 20, 36, 14, 20, 61, 38, 1, 1, 2, 2, 1, 8, 2, 8, 10, 5, 2, 12, 1]

==================================
A matrices:
(T = 1)
10×10 Matrix{Float64}:
 -1.0         0.197115   -0.84937    -0.0570681  -0.0319086  -0.794823  -0.487726   0.324617  -0.363912   -0.22787
  0.164579   -1.0         0.235826   -0.271276   -0.514994   -0.525128  -0.543778  -0.130751  -0.692461   -0.773719
 -0.102755   -0.343395   -1.0        -0.368443    0.247436   -0.516006  -1.11051   -0.619181  -0.814543    0.0656915
 -0.677155   -0.102615    0.145544   -1.0        -0.0286873  -0.517205  -0.455292  -0.250177   0.123559   -0.534408
 -0.581553   -0.201122   -0.663911   -0.33839    -1.0        -0.199863   0.169729  -0.679315  -0.530944   -0.303453
 -0.39174     0.358195   -0.321169    0.0733557  -0.413554   -1.0        0.190826  -0.444621   0.0835742   0.303148
 -0.0943912   0.0474039  -0.184089   -0.424801    0.338371   -1.08465   -1.0       -0.500455  -0.394723   -0.525498
 -0.697394   -0.37194    -0.914198   -0.0883269  -0.445676   -0.163381   0.260156  -1.0       -0.261169   -0.71649
 -0.151634   -0.981303   -0.0332374  -0.485573   -0.123301   -0.700458  -0.238057  -0.217386  -1.0        -0.136447
 -0.233219   -0.210797   -0.622753   -0.904222   -0.762165   -0.677868  -0.966889  -0.40339    0.0371354  -1.0

==================================
r vectors:
(T = 1)
10-element Vector{Float64}:
 1.9086413492146974
 2.6455005505040896
 2.376660908010555
 1.9906894882179567
 2.517530659326763
 1.5429111672423412
 2.2180835621287933
 1.799575112002529
 1.9907101189169871
 2.165987498133129
