==================================
Setup:
N: 10
T: 1
add: 1.0
del: 3.0
nat: 0.1
temp: 5.0
Source: Generated
A parameters: Normal{Float64}(μ=-0.34957337852079434, σ=0.317489533866379)
r parameters: Normal{Float64}(μ=2.0900457675864015, σ=0.34374938386010706)
portion: 1.0
scaling: 1.0

==================================
Statistics:
Proportion of candidate states: 0.3173828125
Candidate states: 325
Total states: 1024
Total candidate pairs evaluated: 1000
Total natural transitions: 698

Path length diff avg: -0.453
Path length diff val: [0, -5, -1, 2, -3, -2, -4, 3, 1]
Path length diff count: [535, 3, 170, 27, 50, 104, 17, 5, 89]

Cost improvement avg: 3.3547999999999996
Cost improvement val: [1.7, 9.6, 3.8, 8.8, 6.9, 7.8, 6.8, 4.9, 14.8, 9.9, 8.7, 12.8, 9.8, 2.9, 7.9, 6.5, 5.6, 3.6, 1.9, 13.8, 11.8, 2.7, 0.0, 8.9, 0.9, 0.8, 4.8, 2.8, 7.6, 3.9, 5.9, 5.8, 11.7, 3.7, 5.7, 7.7, 13.7, 1.8, 10.7, 4.7, 6.7, 9.7, 11.9, 10.8, 14.7]
Cost improvement count: [1, 2, 28, 13, 7, 29, 26, 53, 1, 2, 7, 4, 5, 141, 15, 1, 2, 1, 75, 1, 3, 3, 277, 22, 39, 16, 28, 17, 1, 33, 68, 34, 1, 3, 4, 1, 1, 11, 3, 2, 10, 3, 4, 1, 1]

==================================
A matrices:
(T = 1)
10×10 Matrix{Float64}:
 -1.0         0.479217     0.0320902  -1.17712   -0.221396   -0.0909597  -0.724848   -0.378348  -0.0332207  -0.493441
 -0.298298   -1.0         -0.300011   -0.453287  -1.27325     0.280921   -0.641972   -0.580506  -0.203093   -0.306874
  0.149564   -0.270688    -1.0        -0.681964  -0.842519   -0.811795   -0.377197   -0.918115  -0.666454   -0.715277
 -0.447358   -0.188535     0.0824247  -1.0       -0.593054   -0.137575   -0.0727318  -0.533773  -0.93193    -0.0652629
 -0.841959    0.174518    -0.0337377  -0.455455  -1.0        -0.879558   -0.0628428  -0.133863  -0.44003    -0.0528006
 -0.576337   -0.0640629   -0.350564   -0.247033  -0.394514   -1.0        -0.841784   -0.376417  -0.12989    -0.445581
 -0.0239472  -0.157534    -0.351244   -0.566125  -0.390454   -0.477143   -1.0        -0.44683   -0.21754    -0.62635
 -0.695166   -0.00881104   0.250633   -0.760949  -0.0811548  -0.170663   -0.285653   -1.0       -0.467567    0.0275896
 -0.088709   -0.174695    -0.287051   -0.312051  -0.0037635  -0.548542   -0.73052     0.434652  -1.0        -0.366072
 -0.351283   -0.401543    -1.20258    -0.426661  -0.361256   -0.683356   -0.445209   -0.155717  -0.304167   -1.0

==================================
r vectors:
(T = 1)
10-element Vector{Float64}:
 2.6080728100370694
 1.8885635416348665
 2.377675886000551
 1.7345287985779385
 1.6324259644097125
 1.6949566558486204
 1.6611085206700564
 2.3445704917671435
 1.659307195597958
 2.0044650809959963
