==================================
Setup:
N: 10
T: 1
add: 1.0
del: 3.0
nat: 0.1
temp: 5.0
Source: Generated
A parameters: Normal{Float64}(μ=-0.34957337852079434, σ=0.317489533866379)
r parameters: Normal{Float64}(μ=2.0900457675864015, σ=0.34374938386010706)
portion: 1.0
scaling: 1.0

==================================
Statistics:
Proportion of candidate states: 0.296875
Candidate states: 304
Total states: 1024
Total candidate pairs evaluated: 1000
Total natural transitions: 720

Path length diff avg: -0.323
Path length diff val: [0, -1, 2, -3, -2, -4, 1]
Path length diff count: [684, 130, 8, 30, 84, 3, 61]

Cost improvement avg: 2.3485
Cost improvement val: [5.8, 1.9, 3.7, 8.7, 5.7, 11.8, 7.7, 2.7, 0.0, 1.8, 2.9, 8.9, 7.9, 3.8, 4.7, 8.8, 9.8, 0.9, 10.7, 6.7, 0.8, 4.8, 7.8, 2.8, 6.8, 4.9, 3.9, 10.8, 5.9]
Cost improvement count: [33, 76, 5, 1, 3, 3, 1, 1, 370, 11, 236, 5, 1, 36, 3, 8, 1, 31, 2, 2, 16, 30, 11, 4, 13, 33, 12, 3, 49]

==================================
A matrices:
(T = 1)
10×10 Matrix{Float64}:
 -1.0        -0.35691     0.0372994  -0.370588  -0.190644   -0.82704   -0.793368   -0.606719   -0.0267553    0.176665
 -0.268928   -1.0        -0.741964   -0.636743  -0.411778   -0.510418  -0.424129   -0.77004    -0.137846    -0.273821
 -0.498884    0.247466   -1.0        -0.54067   -0.85952    -0.351997  -0.263623   -0.280655   -0.272715    -0.45474
 -0.270996   -0.205503   -0.504556   -1.0       -0.0505984  -0.696852  -0.822678   -0.11501    -0.395469    -0.325509
 -0.072774   -0.523474   -0.404684   -0.514595  -1.0        -0.021689   0.0440669  -0.406995   -0.0362299   -0.106523
 -0.60933    -0.371995   -0.350863   -0.585316  -0.678255   -1.0       -0.0248248  -0.458506   -0.863343    -0.958487
 -0.157848   -0.499748   -0.200148   -0.153918   0.236318   -0.372553  -1.0        -0.11203    -0.471124    -0.333321
  0.0187302   0.0187959  -0.703639   -0.322848  -0.596023    0.196443  -0.310171   -1.0        -0.700987    -0.983056
 -0.765242   -0.330302   -0.149346   -0.54059   -0.63789    -0.46318    0.133169    0.0469168  -1.0         -0.407991
 -0.194378    0.0517722  -0.0436168  -0.339808  -0.400726   -0.256244  -0.0591082  -0.389435    0.00739388  -1.0

==================================
r vectors:
(T = 1)
10-element Vector{Float64}:
 1.6244514963945889
 2.0803777529241296
 2.182255273819019
 2.424424436490995
 2.100415497171604
 1.7446492588132587
 1.938028653944371
 2.4944330288336625
 2.3366637660104788
 2.2431369521774487
