==================================
Setup:
N: 10
T: 1
add: 1.0
del: 3.0
nat: 0.1
temp: 5.0
Source: Generated
A parameters: Normal{Float64}(μ=-0.34957337852079434, σ=0.317489533866379)
r parameters: Normal{Float64}(μ=2.0900457675864015, σ=0.34374938386010706)
portion: 1.0
scaling: 1.0

==================================
Statistics:
Proportion of candidate states: 0.2685546875
Candidate states: 275
Total states: 1024
Total candidate pairs evaluated: 1000
Total natural transitions: 749

Path length diff avg: -0.283
Path length diff val: [0, -5, -1, 2, -7, -3, -2, -4, 3, 1]
Path length diff count: [603, 2, 170, 20, 1, 27, 72, 4, 2, 99]

Cost improvement avg: 2.7858000000000005
Cost improvement val: [1.7, 5.8, 1.9, 3.7, 8.7, 5.7, 13.8, 7.7, 2.7, 0.0, 1.8, 2.9, 8.9, 7.9, 3.8, 4.7, 8.8, 9.8, 0.9, 10.7, 6.7, 6.9, 0.8, 4.8, 7.8, 2.8, 6.8, 9.7, 4.9, 11.9, 3.9, 10.9, 2.6, 10.8, 5.9]
Cost improvement count: [1, 20, 106, 6, 2, 1, 1, 3, 2, 331, 3, 184, 17, 14, 23, 1, 10, 3, 33, 3, 7, 3, 12, 28, 22, 6, 10, 2, 42, 2, 24, 2, 1, 6, 69]

==================================
A matrices:
(T = 1)
10×10 Matrix{Float64}:
 -1.0         -0.187989   -0.173685    0.176547    -0.806508   -0.368806   -0.303012   -0.0943164   -0.35337   -0.742213
 -0.656785    -1.0        -0.210075   -0.144872    -0.699986   -0.0427286  -0.449525   -0.568049    -0.369626   0.106818
  0.00661789  -0.526604   -1.0        -0.978697    -0.652585   -0.786335   -0.0696956  -0.00201261  -0.357419  -0.536381
  0.142333    -0.316255    0.127897   -1.0          0.13217    -0.701961   -0.409783    0.0406579   -0.106187  -0.326232
 -0.0415061   -0.525803   -0.359848   -0.842505    -1.0        -0.215895   -0.699041    0.1688      -0.501504  -0.4166
 -0.875144    -1.12837    -0.274555    0.0967865   -0.246591   -1.0        -0.376425    0.462078    -0.725517  -0.820087
 -0.705969     0.0192236  -0.550335   -0.15083     -0.552262   -0.0268709  -1.0        -0.234058     0.10589   -0.430675
  0.197386     0.0364848  -0.454635    0.00630544   0.0184999  -0.688815    0.0919207  -1.0         -0.25206   -0.277751
 -0.217843     0.239089   -0.0863714  -0.944177    -0.952669    0.570301   -0.628546   -0.459156    -1.0       -0.837927
 -0.460039    -0.43618    -0.182602   -0.563443    -0.543583   -0.365559   -0.267556   -0.318558    -0.473142  -1.0

==================================
r vectors:
(T = 1)
10-element Vector{Float64}:
 2.3127544437204333
 2.4833349607248634
 1.8998574103859485
 2.0634430324916515
 1.0652705949499746
 1.85342372319805
 1.7462779986283317
 1.8899648309288533
 2.40951164319084
 2.2995462152848485
