==================================
Setup:
N: 10
T: 1
add: 1.0
del: 3.0
nat: 0.1
temp: 5.0
Source: Generated
A parameters: Normal{Float64}(μ=-0.34957337852079434, σ=0.317489533866379)
r parameters: Normal{Float64}(μ=2.0900457675864015, σ=0.34374938386010706)
portion: 1.0
scaling: 1.0

==================================
Statistics:
Proportion of candidate states: 0.3505859375
Candidate states: 359
Total states: 1024
Total candidate pairs evaluated: 1000
Total natural transitions: 663

Path length diff avg: -0.508
Path length diff val: [0, -5, -1, 2, -3, -2, -4, 3, 1]
Path length diff count: [494, 4, 176, 32, 57, 112, 22, 2, 101]

Cost improvement avg: 3.8635
Cost improvement val: [1.7, 9.6, 3.8, 8.8, 6.9, 7.8, 8.6, 6.8, 4.9, 10.9, 8.7, 15.6, 12.8, 9.8, 2.9, 7.9, 14.6, 3.6, 1.9, 13.8, 11.8, 2.7, 0.0, 8.9, 0.9, 0.8, 4.8, 2.8, 12.7, 3.9, 5.9, 5.8, 11.7, 3.7, 5.7, 7.7, 13.7, 1.8, 10.7, 4.7, 6.7, 15.7, 9.7, 11.9, 10.8, 14.7]
Cost improvement count: [1, 1, 32, 25, 11, 28, 1, 24, 37, 2, 3, 1, 5, 21, 153, 16, 1, 1, 74, 1, 4, 4, 233, 27, 29, 7, 37, 21, 4, 34, 58, 43, 4, 3, 8, 6, 3, 11, 1, 6, 5, 1, 3, 2, 6, 2]

==================================
A matrices:
(T = 1)
10×10 Matrix{Float64}:
 -1.0         -0.608478    0.120912   -0.855884    0.0149696  -0.935783   -0.013601   -0.903217   -0.275014   -0.31094
 -0.104709    -1.0        -0.657684   -0.516818   -0.278887   -1.21585    -0.115162   -0.321924   -0.328716   -0.347366
 -0.435516     0.0742106  -1.0        -0.424477    0.126622   -0.441746   -0.0580925  -0.261941   -0.627237   -0.126949
 -0.535938    -0.409124   -0.299786   -1.0        -0.549483   -0.325611   -0.679396   -0.490007   -0.254191   -0.527811
 -0.035182    -0.503437    0.0194709  -0.153125   -1.0        -0.256291   -0.430971   -0.0233075  -0.502483   -0.176566
 -0.824122     0.146264   -0.184465   -0.873743   -0.689859   -1.0        -0.468533    0.0138517   0.101409   -0.391246
 -0.00273694  -0.508547   -0.333138   -0.903718   -0.31784    -0.188371   -1.0         0.0465445  -0.0672982  -0.328731
 -0.23215     -0.247526   -0.360135   -0.438091   -0.343308   -0.426303   -0.861566   -1.0        -0.167894   -0.150345
 -0.543287    -0.623849    0.179785   -0.408213    0.0218814   0.0811885  -0.546331   -0.497983   -1.0        -0.417057
 -0.559846    -0.103988   -0.0761898  -0.0755021   0.0195819  -0.890576   -0.963498    0.195245   -0.592431   -1.0

==================================
r vectors:
(T = 1)
10-element Vector{Float64}:
 2.401294113269303
 2.4555746185093694
 1.9692306762688965
 2.099118226011322
 2.0579112849435757
 1.720874329494097
 2.367954498026577
 1.4495419486912722
 1.8147199049628524
 2.569016497123332
