==================================
Setup:
N: 10
T: 1
add: 1.0
del: 3.0
nat: 0.1
temp: 5.0
Source: Generated
A parameters: Normal{Float64}(μ=-0.34957337852079434, σ=0.317489533866379)
r parameters: Normal{Float64}(μ=2.0900457675864015, σ=0.34374938386010706)
portion: 1.0
scaling: 1.0

==================================
Statistics:
Proportion of candidate states: 0.19921875
Candidate states: 204
Total states: 1024
Total candidate pairs evaluated: 1000
Total natural transitions: 820

Path length diff avg: -0.364
Path length diff val: [0, -5, -1, 2, -3, -2, -4, 3, 1]
Path length diff count: [586, 2, 168, 11, 29, 84, 15, 1, 104]

Cost improvement avg: 2.9548
Cost improvement val: [5.8, 11.7, 1.9, 3.7, 8.7, 5.7, 11.8, 7.7, 2.7, 12.8, 0.0, 1.8, 2.9, 8.9, 7.9, 3.8, 4.7, 8.8, 9.8, 0.9, 10.7, 6.7, 6.9, 0.8, 4.8, 7.8, 2.8, 4.6, 6.8, 9.7, 4.9, 11.9, 3.9, 5.6, 10.8, 5.9]
Cost improvement count: [32, 1, 96, 2, 3, 3, 2, 2, 7, 1, 308, 12, 175, 9, 16, 40, 1, 14, 5, 21, 1, 3, 2, 10, 30, 22, 13, 1, 20, 1, 52, 1, 15, 1, 5, 73]

==================================
A matrices:
(T = 1)
10×10 Matrix{Float64}:
 -1.0        0.083594   -0.549451  -0.513509   -0.238672   -0.19743   -0.697183  -0.361335  -0.339237   -0.668001
 -0.609185  -1.0        -0.785677   0.17034     0.309929   -0.538272  -0.191432  -0.100548  -0.152578   -0.313346
 -0.646804  -0.0838644  -1.0       -0.0209968   0.0634617  -0.919495  -0.632372  -0.139098   0.116682   -0.444234
 -0.455649  -0.633356   -0.375432  -1.0        -0.0368715  -0.593191  -0.248331  -0.318809   0.158628   -0.221874
  0.227745   0.11642     0.206014  -0.0569153  -1.0         0.174206  -0.688477   0.190465  -0.100155   -0.0764759
 -0.583458  -0.760932    0.535962  -0.570707   -0.472078   -1.0       -0.18379   -0.41516   -0.046881   -0.499724
 -1.09332   -0.379263   -0.967424  -1.20511    -0.170147   -0.594577  -1.0       -0.419631  -0.435763    0.0993905
 -0.277254  -0.0706149  -0.479626  -0.679298   -0.313113   -0.395107   0.361899  -1.0        0.0455943  -0.764927
 -0.483517  -0.434702   -0.138063  -0.367126   -0.194454   -0.450075  -0.373287  -0.420368  -1.0        -0.565273
 -0.180111  -1.00154    -0.502474  -0.0331994  -0.72386    -0.694513  -0.305189  -0.051272  -0.548004   -1.0

==================================
r vectors:
(T = 1)
10-element Vector{Float64}:
 2.527652116854851
 2.5312089699143963
 2.6057811698729445
 2.2259344978235096
 2.2108063204777904
 2.4493412846143996
 2.2724464184586464
 2.3175252766381735
 1.3750137837615979
 1.508377344164415
