==================================
Setup:
N: 10
T: 1
add: 1.0
del: 3.0
nat: 0.1
temp: 5.0
Source: Generated
A parameters: Normal{Float64}(μ=-0.34957337852079434, σ=0.317489533866379)
r parameters: Normal{Float64}(μ=2.0900457675864015, σ=0.34374938386010706)
portion: 1.0
scaling: 1.0

==================================
Statistics:
Proportion of candidate states: 0.2119140625
Candidate states: 217
Total states: 1024
Total candidate pairs evaluated: 1000
Total natural transitions: 793

Path length diff avg: -0.268
Path length diff val: [0, -5, -1, 2, -3, -2, -4, 3, 1]
Path length diff count: [484, 1, 213, 34, 26, 92, 4, 7, 139]

Cost improvement avg: 3.6823
Cost improvement val: [1.7, 5.8, 9.9, 1.9, 3.7, 8.7, 5.7, 13.8, 11.8, 7.7, 9.6, 13.7, 2.7, 12.8, 0.0, 1.8, 2.9, 8.9, 7.9, 3.8, 9.8, 8.8, 10.7, 0.9, 6.7, 6.9, 0.8, 4.8, 7.8, 2.8, 12.7, 6.8, 9.7, 4.9, 11.9, 14.8, 3.9, 10.9, 16.8, 10.8, 5.9]
Cost improvement count: [1, 23, 1, 129, 1, 1, 3, 2, 3, 2, 1, 1, 2, 1, 225, 2, 132, 28, 22, 42, 8, 10, 3, 26, 7, 2, 6, 43, 26, 12, 3, 24, 2, 77, 4, 2, 16, 1, 1, 12, 93]

==================================
A matrices:
(T = 1)
10×10 Matrix{Float64}:
 -1.0         -0.297168    -0.327324  -0.294988   -0.523065   -0.467787    0.00513323  -0.301099    0.0827485  -0.834404
 -0.0328459   -1.0         -0.279485  -0.0327475  -0.938781   -0.127211   -0.451401     0.0358057  -1.23394    -0.233299
  0.00357073  -0.688985    -1.0       -0.468389    0.119947   -0.416219   -0.152116    -0.228804   -0.497888   -0.889225
 -0.159918    -0.0426999   -0.600894  -1.0         0.0319603  -0.144589   -0.731021    -1.00632    -0.517578   -0.217848
 -0.180354     0.0319915   -0.540743  -0.147551   -1.0        -0.474538   -1.03305     -0.361569   -1.02759    -0.149622
 -0.347956    -0.14725     -0.613581  -0.799241   -0.706834   -1.0        -0.106511    -0.135277   -1.05562    -0.201963
  0.585019    -0.863938    -0.310346  -0.488      -0.376482    0.28169    -1.0          0.0515493  -0.707084   -0.718287
 -0.719353    -1.02266     -0.630844  -0.185551   -0.279145    0.0625794  -0.953228    -1.0        -0.243502   -0.707196
 -0.430192    -0.290858    -0.626067  -0.316908   -0.303858   -0.140729   -0.0574178    0.195772   -1.0        -0.401434
 -0.653495     0.00579032  -0.802666  -0.341095   -0.245471   -0.570294   -0.565071    -0.218181   -0.157046   -1.0

==================================
r vectors:
(T = 1)
10-element Vector{Float64}:
 2.0806240872146042
 1.8092913826948192
 2.3977493818379076
 2.0267222031678607
 2.174665255414803
 1.6861725912287684
 2.1262733919465866
 1.9212551616148423
 1.5853436394681273
 1.9463251532853159
