==================================
Setup:
N: 10
T: 1
add: 1.0
del: 3.0
nat: 0.1
temp: 5.0
Source: Generated
A parameters: Normal{Float64}(μ=-0.34957337852079434, σ=0.317489533866379)
r parameters: Normal{Float64}(μ=2.0900457675864015, σ=0.34374938386010706)
portion: 1.0
scaling: 1.0

==================================
Statistics:
Proportion of candidate states: 0.3349609375
Candidate states: 343
Total states: 1024
Total candidate pairs evaluated: 1000
Total natural transitions: 681

Path length diff avg: -0.429
Path length diff val: [0, -5, -1, 2, -3, -6, -4, -2, 1]
Path length diff count: [572, 4, 156, 11, 39, 2, 13, 99, 104]

Cost improvement avg: 2.9814999999999996
Cost improvement val: [5.8, 11.7, 1.9, 3.7, 8.7, 5.7, 11.8, 7.7, 2.7, 0.7, 0.0, 1.8, 2.9, 8.9, 7.9, 3.8, 4.7, 8.8, 9.8, 0.9, 10.7, 6.7, 6.9, 0.8, 4.8, 7.8, 2.8, 7.6, 6.8, 9.7, 4.9, 3.9, 2.6, 10.8, 5.9]
Cost improvement count: [37, 2, 67, 6, 5, 5, 2, 5, 6, 3, 283, 20, 203, 9, 9, 23, 4, 15, 7, 34, 2, 1, 3, 16, 35, 10, 8, 1, 18, 3, 44, 31, 2, 4, 77]

==================================
A matrices:
(T = 1)
10×10 Matrix{Float64}:
 -1.0        -0.309552   -0.0705593  -0.328916   -0.149152   -0.6625     -0.330567  -0.0261976  -0.567158   -0.263879
 -0.508138   -1.0        -0.341335    0.119791    0.0378347  -0.190761   -0.443841  -0.296485   -0.0453229  -0.430919
 -0.437228   -0.196704   -1.0        -0.892219   -0.155585   -0.369611   -0.59345   -0.358599   -0.436875   -0.468245
 -0.677136   -0.562561   -0.181383   -1.0        -0.428716   -0.217962   -0.208401  -0.415029    0.195515    0.152103
 -0.830447   -0.157109   -0.16382    -0.312069   -1.0        -0.139746   -0.365574  -0.558403   -0.624003   -0.211153
 -0.802083   -0.0381705  -0.437572   -0.737723   -0.506924   -1.0        -0.518692  -0.433191   -0.235684   -0.563318
  0.0272749  -0.513907   -0.645665   -0.275507   -0.253004   -0.414639   -1.0       -0.167088   -0.162444   -0.224663
 -0.674492   -0.170737   -0.941874    0.0772716  -0.359369   -0.40392    -0.285832  -1.0        -0.656125   -0.596175
 -0.251598   -0.437884   -1.04192    -0.782174   -0.351239    0.0245375   0.318272  -0.322959   -1.0        -0.965255
 -0.57746    -0.157042   -0.347177   -0.32988    -0.83591    -0.487482   -0.360546  -0.133761   -0.335883   -1.0

==================================
r vectors:
(T = 1)
10-element Vector{Float64}:
 2.0942790333496277
 2.5145964611080713
 2.345471195166919
 2.1524936174150286
 1.490865611000774
 2.3785611342619304
 2.2930138144368137
 1.8509771341009256
 1.9968328616051922
 2.397184587637656
