==================================
Setup:
N: 10
T: 1
add: 1.0
del: 3.0
nat: 0.1
temp: 5.0
Source: Generated
A parameters: Normal{Float64}(μ=-0.34957337852079434, σ=0.317489533866379)
r parameters: Normal{Float64}(μ=2.0900457675864015, σ=0.34374938386010706)
portion: 1.0
scaling: 1.0

==================================
Statistics:
Proportion of candidate states: 0.2294921875
Candidate states: 235
Total states: 1024
Total candidate pairs evaluated: 1000
Total natural transitions: 789

Path length diff avg: -0.23
Path length diff val: [0, -1, 2, -3, -2, -4, 3, 1]
Path length diff count: [694, 121, 10, 25, 65, 3, 3, 79]

Cost improvement avg: 2.3745
Cost improvement val: [5.8, 1.9, 3.7, 8.7, 5.7, 11.8, 2.7, 0.0, 1.8, 2.9, 8.9, 7.9, 3.8, 4.7, 8.8, 9.8, 0.9, 0.8, 4.8, 7.8, 2.8, 6.8, 9.7, 4.9, 11.9, 14.8, 3.9, 10.8, 5.9, 14.7]
Cost improvement count: [25, 78, 2, 1, 1, 2, 2, 353, 12, 275, 7, 1, 22, 2, 8, 1, 30, 16, 26, 14, 6, 3, 1, 25, 1, 2, 13, 1, 69, 1]

==================================
A matrices:
(T = 1)
10×10 Matrix{Float64}:
 -1.0        -0.735456   -0.209709   0.458498   -0.553623   -0.509543  -0.0914335  -0.0142743  -0.0806913  -0.448521
 -0.700649   -1.0        -0.560422  -0.131917   -0.142894   -0.59934   -0.502022   -0.0130523  -0.960788   -0.584183
  0.0534567   0.0594778  -1.0       -0.2618      0.195037   -0.457795  -0.148893   -0.283668   -0.0590206  -0.0236974
 -0.616184   -0.488524   -0.184092  -1.0        -0.0546182  -0.298994  -0.462237   -0.536437   -0.128206   -0.591216
 -0.177344   -0.129858   -0.587178  -0.54152    -1.0        -0.240623  -0.68583    -0.798691   -0.495641   -0.424352
 -0.339069   -0.697542   -0.345113  -0.959307   -0.0215902  -1.0       -0.275485   -0.540645   -0.353225   -0.760162
 -0.18393    -0.215818   -0.255215  -0.263951   -0.0394132  -0.101398  -1.0        -0.900513   -0.28066    -0.0743808
 -0.476618   -0.790796   -0.993437  -0.628739    0.024438   -0.501834   0.0440455  -1.0        -0.124927   -0.857618
 -0.112052    0.071257   -0.203206  -0.777477   -0.461054    0.301774  -0.526113   -0.439912   -1.0        -0.251241
 -0.378926   -0.71367    -0.543045  -0.0860534  -0.409502   -0.668672  -0.537798   -0.541382   -0.496997   -1.0

==================================
r vectors:
(T = 1)
10-element Vector{Float64}:
 2.075092060908032
 1.5511009477371598
 2.5339489709395076
 2.196516028570612
 1.9852164370720276
 1.9518009924168882
 1.724777392339672
 1.957361987452332
 2.210087662013669
 1.5531949792859632
