==================================
Setup:
N: 10
T: 1
add: 1.0
del: 3.0
nat: 0.1
temp: 5.0
Source: Generated
A parameters: Normal{Float64}(μ=-0.34957337852079434, σ=0.317489533866379)
r parameters: Normal{Float64}(μ=2.0900457675864015, σ=0.34374938386010706)
portion: 1.0
scaling: 1.0

==================================
Statistics:
Proportion of candidate states: 0.23046875
Candidate states: 236
Total states: 1024
Total candidate pairs evaluated: 1000
Total natural transitions: 784

Path length diff avg: -0.398
Path length diff val: [0, -1, 2, -3, -2, -4, 1]
Path length diff count: [548, 170, 24, 36, 110, 12, 100]

Cost improvement avg: 3.3405999999999993
Cost improvement val: [5.8, 11.7, 1.9, 3.7, 8.7, 5.7, 11.8, 7.7, 2.7, 0.0, 1.8, 2.9, 8.9, 7.9, 3.8, 4.7, 8.8, 9.8, 0.9, 10.7, 6.7, 6.9, 0.8, 4.8, 7.8, 2.8, 12.7, 6.8, 8.5, 4.9, 9.7, 3.9, 10.6, 10.8, 5.9]
Cost improvement count: [25, 1, 84, 2, 3, 3, 3, 3, 3, 246, 9, 199, 21, 14, 49, 3, 18, 8, 36, 1, 7, 3, 13, 32, 32, 10, 1, 22, 1, 44, 3, 24, 1, 12, 64]

==================================
A matrices:
(T = 1)
10×10 Matrix{Float64}:
 -1.0        -0.187087   -0.810103   -0.21504    -0.317891    -0.202385   -0.143203   -0.328887   -0.564599   -0.122933
 -0.512054   -1.0         0.135078   -0.0785642  -0.297274    -0.402696   -0.348051   -0.897602   -0.230198   -0.798783
 -0.644209   -0.0210787  -1.0         0.335225   -0.417836    -0.939731   -0.0277762  -0.15094    -0.0152863  -1.03082
 -0.730066   -0.643139   -0.0249283  -1.0        -0.681558    -0.37978    -0.691649   -0.898522   -0.428778   -0.0670752
 -0.397469   -0.695549    0.141623    0.243538   -1.0         -0.356163   -0.660034   -0.148527   -0.219949   -0.33147
 -1.00591    -0.594328   -0.576884    0.0128243  -0.43179     -1.0        -0.0299695  -0.312026   -0.495104   -0.582096
 -0.876161   -0.913127   -0.857613   -0.610357   -0.0469686   -0.356702   -1.0        -0.484335   -0.153167   -0.339344
 -0.248731   -0.843996    0.479081   -0.275568   -0.00991998  -0.0851836  -0.0386917  -1.0         0.320859   -0.216096
 -0.336623   -0.126456    0.0659587  -0.640755   -0.537392    -0.173988   -0.129467   -1.12364    -1.0        -0.0564193
 -0.0148101  -0.0845273  -0.682929   -0.0494146  -0.93967     -0.427279   -0.582817   -0.0412363  -0.332109   -1.0

==================================
r vectors:
(T = 1)
10-element Vector{Float64}:
 1.791013235251595
 2.415761725533371
 2.0849777862050165
 1.8160761753478558
 2.057154525007039
 2.3108947167030514
 1.737030520867291
 1.658070557876813
 2.1003568904263044
 1.960475787814793
