==================================
Setup:
N: 10
T: 1
add: 1.0
del: 3.0
nat: 0.1
temp: 5.0
Source: Generated
A parameters: Normal{Float64}(μ=-0.34957337852079434, σ=0.317489533866379)
r parameters: Normal{Float64}(μ=2.0900457675864015, σ=0.34374938386010706)
portion: 1.0
scaling: 1.0

==================================
Statistics:
Proportion of candidate states: 0.20703125
Candidate states: 212
Total states: 1024
Total candidate pairs evaluated: 1000
Total natural transitions: 797

Path length diff avg: -0.329
Path length diff val: [0, 4, -1, 2, -3, -2, -4, 3, 1]
Path length diff count: [502, 1, 211, 29, 26, 104, 5, 2, 120]

Cost improvement avg: 3.5822
Cost improvement val: [5.8, 9.9, 11.7, 1.9, 3.7, 8.7, 5.7, 13.8, 11.8, 7.7, 2.7, 12.8, 0.0, 1.8, 2.9, 8.9, 7.9, 3.8, 4.7, 8.8, 9.8, 0.9, 10.7, 6.7, 6.9, 0.8, 11.6, 4.8, 14.9, 7.8, 2.8, 12.7, 8.6, 6.8, 9.7, 4.9, 11.9, 3.9, 10.9, 5.6, 10.8, 5.9]
Cost improvement count: [27, 1, 1, 98, 3, 5, 3, 3, 6, 3, 3, 2, 233, 7, 146, 19, 16, 40, 1, 12, 6, 34, 3, 2, 5, 9, 1, 53, 1, 35, 8, 2, 1, 21, 2, 60, 2, 33, 1, 1, 7, 84]

==================================
A matrices:
(T = 1)
10×10 Matrix{Float64}:
 -1.0         0.0619489  -0.859685   -0.13473     0.00976391  -0.546055   -0.721635     -0.377022    -0.6895     -0.676641
 -0.190016   -1.0         0.117539   -0.120893   -0.449345    -0.581667    0.134031     -0.230927    -0.423479   -0.281933
 -0.231398   -0.642665   -1.0        -0.0355172  -0.472244    -1.19538    -0.570042     -1.03451     -0.560569   -0.444279
 -0.203875   -0.115013    0.0854512  -1.0        -0.356577    -1.05192    -0.000828836  -0.593345    -0.0804568  -0.521999
  0.0688152  -0.31622    -0.453516   -0.748901   -1.0         -0.659439   -0.397422     -0.531905    -0.118498   -0.497036
 -1.11166    -0.581938   -0.507221    0.0348255  -0.26792     -1.0        -0.131328     -0.00400415  -0.184922   -0.249791
 -0.191126   -0.0131686  -0.0038294   0.0756265   0.118467    -0.150134   -1.0          -0.737066    -0.67281    -0.970064
  0.286755   -0.519359   -1.1508     -0.934999   -0.00389535  -0.0886117  -0.572951     -1.0         -0.480455   -0.483641
 -0.656942   -0.487133   -0.201518   -0.360178   -0.393677    -0.316379   -0.618683     -0.277099    -1.0        -0.137164
 -0.093472   -0.0346044  -0.0231776  -0.426604   -0.0413076    0.115757   -0.0823626    -0.51868     -0.692633   -1.0

==================================
r vectors:
(T = 1)
10-element Vector{Float64}:
 2.262057242781271
 2.6594646299813016
 2.013891789742232
 2.4640371021672447
 1.7883290033036308
 2.186046639655287
 2.664346023300623
 1.9621707939960558
 2.1707932495775535
 2.2429332164135474
