==================================
Setup:
N: 10
T: 1
add: 1.0
del: 3.0
nat: 0.1
temp: 5.0
Source: Generated
A parameters: Normal{Float64}(μ=-0.34957337852079434, σ=0.317489533866379)
r parameters: Normal{Float64}(μ=2.0900457675864015, σ=0.34374938386010706)
portion: 1.0
scaling: 1.0

==================================
Statistics:
Proportion of candidate states: 0.2705078125
Candidate states: 277
Total states: 1024
Total candidate pairs evaluated: 1000
Total natural transitions: 747

Path length diff avg: -0.434
Path length diff val: [0, -5, -1, 2, -3, -2, -4, 3, 1]
Path length diff count: [572, 4, 156, 5, 42, 95, 16, 1, 109]

Cost improvement avg: 3.0412
Cost improvement val: [1.7, 5.8, 11.7, 1.9, 3.7, 8.7, 5.7, 11.8, 7.7, 9.6, 13.7, 2.7, 12.8, 0.0, 1.8, 2.9, 8.9, 7.9, 3.8, 4.7, 8.8, 6.6, 0.9, 9.8, 6.7, 0.8, 4.8, 7.8, 2.8, 4.6, 6.8, 4.9, 3.9, 16.8, 10.8, 5.9]
Cost improvement count: [1, 47, 5, 82, 7, 12, 4, 2, 7, 1, 1, 1, 2, 316, 14, 187, 3, 21, 21, 5, 17, 1, 19, 11, 8, 10, 25, 10, 12, 1, 17, 31, 27, 1, 4, 67]

==================================
A matrices:
(T = 1)
10×10 Matrix{Float64}:
 -1.0          0.0538528  -0.200627   -0.0170852  -0.281898   -0.446546  -0.231634   -0.512419  -0.417592   -0.0909983
 -0.518026    -1.0        -0.248648   -0.567445   -0.541847   -0.292094  -0.201463   -0.152471  -0.597895   -0.346792
  0.00357769  -0.471089   -1.0        -0.341362   -0.692635    0.010605  -0.321694   -0.39231   -0.50672    -0.508545
 -0.899703    -0.304649   -0.531448   -1.0        -0.30445    -0.89331   -0.29796    -0.692075  -0.0435822  -0.575975
 -0.546403    -0.199066   -0.0961701  -0.759454   -1.0        -0.251694  -0.863155   -0.212769  -0.342474   -0.424813
 -0.435124    -0.0526498  -0.287495   -0.671658   -0.408923   -1.0        0.42991    -0.535804   0.0936489   0.130632
  0.213453    -0.288821    0.187474   -0.783761   -0.300116   -0.443328  -1.0        -0.432737  -0.140515   -0.709028
 -0.412014    -0.702658    0.210195   -0.648234    0.366145   -0.784364   0.0871206  -1.0        0.0835841   0.180609
  0.0276019   -0.800385   -0.326787   -0.807222   -0.561236   -0.935638  -0.213912    0.111664  -1.0        -0.184727
 -0.098081    -0.348021    0.270216   -0.726233   -0.0124796  -0.401378  -0.869861   -0.467288  -0.192935   -1.0

==================================
r vectors:
(T = 1)
10-element Vector{Float64}:
 2.1692142536003325
 2.7646514494429884
 2.0084256561751617
 1.563741374740027
 1.800565985949857
 1.5791383110476558
 1.985521996218055
 2.1233702602271567
 1.8581846612900415
 1.7216097948172027
