==================================
Setup:
N: 10
T: 1
add: 1.0
del: 3.0
nat: 0.1
temp: 5.0
Source: Generated
A parameters: Normal{Float64}(μ=-0.34957337852079434, σ=0.317489533866379)
r parameters: Normal{Float64}(μ=2.0900457675864015, σ=0.34374938386010706)
portion: 1.0
scaling: 1.0

==================================
Statistics:
Proportion of candidate states: 0.3193359375
Candidate states: 327
Total states: 1024
Total candidate pairs evaluated: 1000
Total natural transitions: 697

Path length diff avg: -0.481
Path length diff val: [0, -5, -1, 2, -3, -2, -4, 3, 1]
Path length diff count: [591, 7, 120, 17, 53, 111, 18, 5, 78]

Cost improvement avg: 2.8085
Cost improvement val: [1.7, 3.8, 8.8, 6.9, 7.8, 8.6, 6.8, 4.9, 10.9, 8.7, 15.6, 12.8, 0.7, 9.8, 2.9, 7.9, 4.6, 14.5, 1.9, 13.8, 11.8, 2.7, 0.0, 8.9, 0.9, 0.8, 4.8, 2.8, 12.7, 3.9, 5.9, 5.8, 11.7, 3.7, 5.7, 7.7, 13.7, 1.8, 10.7, 4.7, 6.7, 9.7, 11.9, 10.8, 14.7]
Cost improvement count: [4, 43, 10, 6, 23, 1, 9, 40, 1, 7, 1, 1, 1, 5, 134, 11, 2, 1, 72, 1, 3, 6, 356, 12, 36, 28, 23, 13, 1, 8, 56, 27, 3, 2, 8, 3, 1, 14, 3, 7, 8, 2, 5, 1, 1]

==================================
A matrices:
(T = 1)
10×10 Matrix{Float64}:
 -1.0        -0.455698   -0.382469  -1.07836   -0.0581914   0.110832  -0.560969  -0.497062  -0.0506279   0.0713807
  0.0102666  -1.0        -0.677499  -0.253298  -0.561707    0.119807  -1.04355   -0.422827  -0.228688    0.163878
 -0.353811   -0.369396   -1.0       -0.894987  -0.844452   -0.33457   -0.44718   -0.314518  -0.270731    0.0655838
 -0.264269   -0.217245   -0.324107  -1.0       -0.336504   -0.489224  -0.418003  -1.48219   -0.111831   -0.293444
 -0.659897   -0.200992    0.264286  -0.600903  -1.0        -0.327675  -0.691884  -0.633627  -0.364322    0.0332534
 -0.132943   -0.32032    -0.204345  -0.458387  -0.0010811  -1.0       -0.649485  -0.716637  -0.4549     -0.613583
 -0.97497    -0.0130884  -0.613155  -0.330348  -0.148717    0.208741  -1.0       -0.642644  -0.435058   -0.435966
 -0.661752    0.0597029  -0.26704   -0.359658  -0.392046   -0.103323  -0.857581  -1.0       -0.0707437  -0.466477
 -0.447848   -0.608188   -0.604482   0.135926  -0.296155   -0.265967  -0.559171  -0.452065  -1.0        -0.0193682
 -0.459797   -0.314498   -0.569547  -0.78756   -0.23279    -0.255064  -0.540136  -0.954877  -0.654576   -1.0

==================================
r vectors:
(T = 1)
10-element Vector{Float64}:
 1.3151236552329963
 2.0943693346511867
 2.2413432470364194
 2.155976924607307
 1.8264978486320533
 2.114016186024887
 2.524977576611775
 1.998754500350012
 2.184056698927161
 2.2436476470113225
