==================================
Setup:
N: 10
T: 1
add: 1.0
del: 3.0
nat: 0.1
temp: 5.0
Source: Generated
A parameters: Normal{Float64}(μ=-0.34957337852079434, σ=0.317489533866379)
r parameters: Normal{Float64}(μ=2.0900457675864015, σ=0.34374938386010706)
portion: 1.0
scaling: 1.0

==================================
Statistics:
Proportion of candidate states: 0.2998046875
Candidate states: 307
Total states: 1024
Total candidate pairs evaluated: 1000
Total natural transitions: 703

Path length diff avg: -0.403
Path length diff val: [0, -5, -1, 2, -3, -6, -4, -2, 3, 1]
Path length diff count: [515, 2, 179, 21, 34, 1, 12, 114, 3, 119]

Cost improvement avg: 3.6366999999999994
Cost improvement val: [5.8, 1.9, 3.7, 8.7, 5.7, 13.8, 11.8, 7.7, 2.7, 12.8, 0.0, 1.8, 2.9, 8.9, 7.9, 3.8, 4.7, 8.8, 9.8, 0.9, 10.7, 6.7, 6.9, 0.8, 11.6, 4.8, 7.8, 2.8, 12.7, 7.6, 8.6, 6.8, 9.7, 4.9, 11.9, 3.9, 1.6, 10.8, 5.9, 14.7]
Cost improvement count: [26, 75, 7, 2, 3, 1, 3, 3, 3, 2, 223, 17, 168, 16, 14, 46, 2, 19, 9, 34, 1, 6, 6, 5, 1, 30, 29, 16, 3, 1, 1, 35, 6, 64, 3, 29, 1, 12, 77, 1]

==================================
A matrices:
(T = 1)
10×10 Matrix{Float64}:
 -1.0         0.23635    -0.681181   -0.620505   -0.204689   -0.540023   -0.355708  -0.404228   -0.226022    0.217762
 -0.410118   -1.0        -0.177735   -0.134403   -0.195877   -0.863695   -1.04306   -0.459851   -0.455262   -0.359627
 -0.32873     0.0477313  -1.0        -0.313212   -0.444859   -0.457635   -0.412603   0.117876   -0.264109   -0.283385
 -0.508156   -0.0280784  -0.0965882  -1.0         0.0079481   0.337424   -0.230494  -0.313943   -0.683754   -0.907805
 -0.0753534  -0.396209   -0.425637   -0.456251   -1.0        -0.502743   -0.25674   -0.306401   -0.80784    -0.591558
  0.0594908  -0.751636   -0.302087   -0.438699   -0.59629    -1.0         0.204194  -0.487216    0.0343908  -0.0728219
  0.10334     0.379478   -0.524826   -0.260884   -0.393391   -0.242181   -1.0       -0.217699   -0.335297   -1.13948
 -0.524483   -0.710819   -0.264914    0.484369   -0.18246    -0.625062   -0.232532  -1.0        -0.656447   -0.721283
 -0.446248   -0.378401   -0.501087    0.0416781  -1.18649    -0.0826598  -0.209248  -0.0479772  -1.0         0.10662
 -0.368749   -0.491432    0.127967   -0.371705   -0.189215   -0.155891   -0.227723  -0.571269    0.287169   -1.0

==================================
r vectors:
(T = 1)
10-element Vector{Float64}:
 1.957572105150328
 1.9287178306084305
 2.580672728118551
 1.8715580740664561
 2.2055131115267375
 2.410934708279487
 2.388422580529415
 2.303906234462995
 1.8184898613955023
 1.4999214947849735
