==================================
Setup:
N: 10
T: 1
add: 1.0
del: 3.0
nat: 0.1
temp: 5.0
Source: Generated
A parameters: Normal{Float64}(μ=-0.34957337852079434, σ=0.317489533866379)
r parameters: Normal{Float64}(μ=2.0900457675864015, σ=0.34374938386010706)
portion: 1.0
scaling: 1.0

==================================
Statistics:
Proportion of candidate states: 0.205078125
Candidate states: 210
Total states: 1024
Total candidate pairs evaluated: 1000
Total natural transitions: 812

Path length diff avg: -0.338
Path length diff val: [0, -1, 2, -3, -2, -4, 3, 1]
Path length diff count: [547, 179, 22, 19, 112, 9, 1, 111]

Cost improvement avg: 3.2979000000000003
Cost improvement val: [5.8, 1.9, 8.7, 5.7, 11.8, 7.7, 12.8, 0.0, 1.8, 2.9, 8.9, 7.9, 3.8, 4.7, 8.8, 9.8, 0.9, 6.7, 6.9, 0.8, 4.8, 7.8, 2.8, 12.7, 7.6, 6.8, 11.9, 4.9, 3.9, 10.9, 10.8, 5.9]
Cost improvement count: [40, 97, 6, 1, 2, 1, 1, 253, 9, 183, 16, 14, 22, 2, 18, 9, 42, 4, 8, 5, 17, 20, 11, 1, 1, 33, 1, 68, 30, 4, 4, 77]

==================================
A matrices:
(T = 1)
10×10 Matrix{Float64}:
 -1.0       -0.164252  -0.898753  -0.402002  -0.758833   -0.777719  -0.816481  -0.480724    0.0148476  -0.267275
 -0.228167  -1.0       -0.096868  -1.02118   -0.456018    0.044206  -0.519497  -0.0314716  -0.509929   -0.203625
 -0.539316  -0.203912  -1.0       -0.370772  -0.327201   -0.367241  -0.655489   0.0233756  -0.434364   -0.282905
 -0.35289   -0.51541   -0.174684  -1.0       -0.241057   -0.108475  -0.789331  -0.770873    0.12637     0.134019
 -0.615956  -0.219912  -0.369694  -0.169336  -1.0        -0.359183  -0.306934  -0.855402   -0.0964377   0.0503982
 -0.250799  -0.365591   0.074892  -0.10717    0.0631363  -1.0       -0.545184  -0.488859   -0.404067   -0.402049
  0.379093  -0.569801  -0.372797  -0.229372  -0.284055   -0.986871  -1.0        0.0396045  -0.498501   -0.299983
 -1.06935   -0.912747  -0.58625   -0.554544  -0.669876   -0.53018   -0.247732  -1.0        -0.28048    -0.60811
 -0.181315  -0.311231  -0.736928  -0.560592  -0.619457   -0.714568  -0.809099   0.336024   -1.0        -0.892439
 -0.212602  -0.590114  -0.366457  -0.922015   0.0090023   0.247504  -0.505864  -0.638323   -0.247969   -1.0

==================================
r vectors:
(T = 1)
10-element Vector{Float64}:
 2.045731096271776
 1.9352953047390093
 1.5583576843112918
 1.4139780898938856
 2.5799175943618673
 1.9530205592512784
 2.3875124025164385
 1.5658668624150567
 2.0837088050229537
 1.8735507545265757
