==================================
Setup:
N: 10
T: 1
add: 1.0
del: 3.0
nat: 0.1
temp: 5.0
Source: Generated
A parameters: Normal{Float64}(μ=-0.34957337852079434, σ=0.317489533866379)
r parameters: Normal{Float64}(μ=2.0900457675864015, σ=0.34374938386010706)
portion: 1.0
scaling: 1.0

==================================
Statistics:
Proportion of candidate states: 0.16796875
Candidate states: 172
Total states: 1024
Total candidate pairs evaluated: 1000
Total natural transitions: 848

Path length diff avg: -0.379
Path length diff val: [0, -5, -1, 2, -3, -2, -4, 3, 1]
Path length diff count: [534, 1, 184, 22, 37, 101, 10, 4, 107]

Cost improvement avg: 3.0505
Cost improvement val: [5.8, 1.9, 8.7, 5.7, 11.8, 7.7, 0.0, 1.8, 2.9, 8.9, 7.9, 3.8, 4.7, 8.8, 9.8, 0.9, 6.7, 6.9, 0.8, 4.8, 7.8, 2.8, 6.8, 11.9, 4.9, 3.9, 10.9, 10.8, 5.9]
Cost improvement count: [22, 99, 4, 3, 1, 3, 262, 9, 188, 18, 13, 27, 3, 10, 4, 45, 2, 7, 11, 33, 15, 15, 18, 4, 57, 36, 3, 2, 86]

==================================
A matrices:
(T = 1)
10×10 Matrix{Float64}:
 -1.0        -0.620089   0.291377   -0.321884    -0.134054    -0.0087367  -0.310635  -0.264454  -0.226771    0.156809
 -0.307335   -1.0       -0.503679   -0.205967     0.00200194  -0.638923   -0.737178  -0.323508  -0.0916505  -0.339849
  0.0805753  -0.748641  -1.0        -0.523253    -0.521203     0.0110593  -0.650654  -0.221532  -0.182065   -0.348616
 -0.335725   -0.405948  -0.199426   -1.0         -0.116229     0.156279   -0.844347  -0.333068  -0.263529    0.0733719
 -0.741929   -0.501991  -0.0525281   0.185734    -1.0         -0.220342    0.247598  -0.495099   0.0118538  -0.567677
 -0.190893   -0.95288    0.0634678   0.00393729  -0.533011    -1.0        -0.189211  -0.318553  -0.732214   -0.5821
 -0.279993   -0.639552  -0.692101   -0.831873    -0.907507    -0.0703661  -1.0       -0.396822  -0.980446   -0.438883
 -0.547541   -0.156219  -0.0188572  -0.407231    -0.5158       0.0475358  -0.659473  -1.0       -0.585558    0.612124
 -0.864949   -0.276276  -0.0635955  -0.735046    -0.714569    -0.591237   -0.227622  -0.351822  -1.0        -0.368007
 -0.186206   -0.718323   0.0763906  -0.507163    -0.769651    -0.592368   -0.316012  -1.02088   -0.541694   -1.0

==================================
r vectors:
(T = 1)
10-element Vector{Float64}:
 2.1955873972964373
 2.543814389179152
 2.482927621306751
 2.0330436907388494
 2.188602167186027
 2.103756552681092
 1.6632948494495332
 2.204838979263882
 1.6837785451845737
 1.84340659163041
