==================================
Setup:
N: 10
T: 1
add: 1.0
del: 3.0
nat: 0.1
temp: 5.0
Source: Generated
A parameters: Normal{Float64}(μ=-0.34957337852079434, σ=0.317489533866379)
r parameters: Normal{Float64}(μ=2.0900457675864015, σ=0.34374938386010706)
portion: 1.0
scaling: 1.0

==================================
Statistics:
Proportion of candidate states: 0.3955078125
Candidate states: 405
Total states: 1024
Total candidate pairs evaluated: 1000
Total natural transitions: 619

Path length diff avg: -0.342
Path length diff val: [0, -5, -1, 2, -3, -2, -4, 3, 1]
Path length diff count: [591, 3, 151, 21, 44, 80, 8, 2, 100]

Cost improvement avg: 2.9606999999999997
Cost improvement val: [1.7, 5.8, 11.7, 1.9, 3.7, 8.7, 5.7, 13.8, 11.8, 7.7, 0.7, 0.0, 1.8, 2.9, 8.9, 7.9, 3.8, 4.7, 8.8, 6.6, 0.9, 9.8, 6.7, 10.7, 0.8, 4.8, 7.8, 2.8, 7.6, 6.8, 9.7, 4.9, 11.9, 3.9, 10.8, 5.9]
Cost improvement count: [2, 37, 1, 74, 2, 4, 4, 1, 3, 4, 1, 300, 18, 209, 17, 14, 25, 5, 6, 2, 21, 5, 2, 2, 20, 31, 16, 12, 1, 14, 3, 33, 2, 28, 6, 75]

==================================
A matrices:
(T = 1)
10×10 Matrix{Float64}:
 -1.0        -0.569534  -1.23922    0.321237  -0.779808    0.0251443  -0.217973   -0.901129  -0.486342  -0.462436
 -0.589929   -1.0       -0.629766  -0.188912  -0.635749   -0.473105   -0.314805   -0.249962  -0.593718  -0.461804
 -0.153362   -0.133718  -1.0       -0.533571  -0.187754   -0.443346   -0.615928   -0.153355  -0.528656  -0.451489
 -0.157461   -0.590817  -0.163452  -1.0       -0.0806258  -0.570962   -0.0752712  -0.522873  -0.523837   0.240605
 -0.68029     0.155345  -0.504474  -0.837978  -1.0        -0.574062   -0.626435   -0.375969  -0.368161  -0.00243857
  0.239717   -0.310094  -0.278187  -0.220631  -0.0586065  -1.0        -0.689854   -0.308684  -0.35394   -0.379699
 -0.865184   -0.428668  -0.286747  -0.452741  -0.839539    0.36467    -1.0        -0.409122  -0.878732   0.101433
 -0.0582742  -0.498841  -0.496805  -0.164703  -0.26923    -0.204464    0.302417   -1.0       -0.795997  -0.778902
 -0.642621   -0.538238  -0.181179  -0.279356  -0.122545   -0.639281   -0.289281   -0.241862  -1.0       -0.35356
 -0.28346    -0.578413   0.421744  -0.211589  -0.370534   -0.36668    -1.03724    -0.187104  -0.626615  -1.0

==================================
r vectors:
(T = 1)
10-element Vector{Float64}:
 1.7587657705681539
 1.993269550007301
 1.9518809467254314
 2.379419608839844
 2.192885604227936
 2.5236170239819162
 2.379066239373668
 2.3327709164643817
 2.231777172310957
 2.0853386238615723
