==================================
Setup:
N: 10
T: 1
add: 1.0
del: 3.0
nat: 0.1
temp: 5.0
Source: Generated
A parameters: Normal{Float64}(μ=-0.34957337852079434, σ=0.317489533866379)
r parameters: Normal{Float64}(μ=2.0900457675864015, σ=0.34374938386010706)
portion: 1.0
scaling: 1.0

==================================
Statistics:
Proportion of candidate states: 0.3466796875
Candidate states: 355
Total states: 1024
Total candidate pairs evaluated: 1000
Total natural transitions: 669

Path length diff avg: -0.386
Path length diff val: [0, -5, -1, 2, -3, -2, -4, 3, 1]
Path length diff count: [542, 8, 160, 23, 31, 109, 10, 1, 116]

Cost improvement avg: 3.4125999999999994
Cost improvement val: [5.8, 9.9, 11.7, 1.9, 3.7, 8.7, 11.8, 7.7, 9.6, 12.8, 0.0, 1.8, 2.9, 8.9, 7.9, 3.8, 4.7, 8.8, 9.8, 0.9, 6.7, 6.9, 0.8, 4.8, 7.8, 2.8, 12.7, 15.7, 6.8, 9.7, 4.9, 11.9, 3.9, 10.9, 2.6, 10.8, 5.9]
Cost improvement count: [49, 2, 1, 77, 8, 5, 3, 4, 1, 1, 235, 18, 188, 19, 15, 21, 2, 19, 8, 38, 3, 15, 13, 34, 20, 7, 1, 1, 7, 1, 56, 1, 41, 2, 2, 8, 74]

==================================
A matrices:
(T = 1)
10×10 Matrix{Float64}:
 -1.0         0.304798  -0.502018   -0.341035  -0.148443    -0.306656   -0.392536    -0.907457  -0.47386    -0.11744
 -1.07008    -1.0       -0.509054    0.265636  -0.555429    -0.23023    -0.216843    -0.26739   -0.50048    -0.248149
 -0.200093   -0.663213  -1.0        -0.795717  -0.858031    -0.0840077  -0.558211    -0.305903  -0.436089   -0.109468
 -0.315825   -0.825613  -0.608664   -1.0       -0.00370314  -0.691001   -0.576866    -0.435919  -0.597024    0.142758
 -0.0402327  -0.438726  -0.491221   -0.338602  -1.0         -0.254209   -0.00276497  -0.406215  -0.601464   -0.580634
 -0.17042    -1.03592   -0.378389   -0.324096  -0.191341    -1.0         0.171939    -0.499076  -0.379692   -0.565806
 -0.153408   -0.857281  -0.323635    0.40676   -0.2861      -0.0721003  -1.0         -0.228477  -0.64739    -0.249578
 -0.512656   -0.757223  -0.776657   -0.663253  -0.554372    -0.696027   -0.144546    -1.0       -0.716757   -0.287346
 -0.926288   -0.402255  -0.0703996  -0.363176  -0.688207    -0.157294   -0.584037    -0.663907  -1.0        -0.395567
 -0.23068    -0.444392  -0.137512   -0.543329  -0.210994    -0.49269    -0.416116    -0.475141   0.0227886  -1.0

==================================
r vectors:
(T = 1)
10-element Vector{Float64}:
 1.9142034944029975
 2.0446768402847395
 2.241560168931329
 2.2770772986552523
 2.694330323487102
 2.3882955507817036
 2.8465060940911933
 2.620012095364212
 2.1167992715057724
 2.723501485002585
