==================================
Setup:
N: 10
T: 1
add: 1.0
del: 3.0
nat: 0.1
temp: 5.0
Source: Generated
A parameters: Normal{Float64}(μ=-0.34957337852079434, σ=0.317489533866379)
r parameters: Normal{Float64}(μ=2.0900457675864015, σ=0.34374938386010706)
portion: 1.0
scaling: 1.0

==================================
Statistics:
Proportion of candidate states: 0.20703125
Candidate states: 212
Total states: 1024
Total candidate pairs evaluated: 1000
Total natural transitions: 812

Path length diff avg: -0.448
Path length diff val: [0, -5, -1, 2, -7, -3, -6, -4, -2, 1]
Path length diff count: [614, 8, 119, 14, 1, 51, 4, 17, 79, 93]

Cost improvement avg: 2.5789999999999997
Cost improvement val: [1.7, 5.8, 1.9, 3.7, 8.7, 5.7, 13.8, 11.8, 7.7, 2.7, 0.7, 0.0, 1.8, 2.9, 8.9, 9.8, 3.8, 4.7, 8.8, 6.6, 0.9, 10.7, 6.7, 11.6, 0.8, 4.8, 7.8, 2.8, 12.7, 7.6, 6.8, 9.7, 4.9, 3.9, 2.6, 3.6, 5.9, 10.5, 10.8]
Cost improvement count: [3, 21, 78, 8, 5, 7, 1, 2, 5, 7, 3, 335, 10, 232, 11, 4, 35, 4, 8, 2, 22, 1, 2, 1, 22, 27, 6, 15, 1, 3, 8, 2, 20, 1, 1, 1, 83, 1, 2]

==================================
A matrices:
(T = 1)
10×10 Matrix{Float64}:
 -1.0        -0.679904  -0.911633   -1.14066     -0.737274  -0.141241  -0.947218   -0.634387  -0.438191     0.120186
 -0.214462   -1.0        0.240122   -0.226653    -0.685002  -0.163683   0.416149   -0.456758  -0.613089    -0.545855
  0.0337936  -0.789987  -1.0        -0.163062    -0.122984   0.110331  -1.03672    -0.410356  -0.439061    -0.00404168
 -0.113855   -0.42819    0.0611714  -1.0         -0.303223  -0.364358  -1.02085    -0.369493  -0.730049    -0.614838
 -0.566971    0.20066   -0.43949    -0.410657    -1.0       -0.366363  -0.514911   -0.237103  -0.856549    -0.19918
  0.0324819  -0.505795  -0.374504    0.385795    -0.107502  -1.0       -0.270128   -0.23336   -0.00722606  -0.150741
 -0.375498   -0.277717  -0.0246461  -0.437681    -0.598638  -0.231044  -1.0        -0.094017   0.045022    -0.345665
 -0.556977   -0.573949  -0.0730485  -0.277991    -0.124396  -0.465702   0.0432961  -1.0       -0.541437    -0.417016
 -0.605553   -0.253624   0.0119566   0.00629651  -0.207183  -0.296177  -0.369065   -0.294527  -1.0         -0.34703
 -0.215173   -0.913811  -0.378353   -0.734532     0.13176   -0.552732  -0.336383   -0.501132   0.0378359   -1.0

==================================
r vectors:
(T = 1)
10-element Vector{Float64}:
 2.115551443548021
 2.2634089386691194
 2.5472032149683477
 2.203563279640978
 1.6151802801660662
 2.666759185903013
 2.557063614044053
 2.45230963373092
 2.1358240854659565
 1.6700270629553886
