==================================
Setup:
N: 10
T: 1
add: 1.0
del: 3.0
nat: 0.1
temp: 5.0
Source: Generated
A parameters: Normal{Float64}(μ=-0.34957337852079434, σ=0.317489533866379)
r parameters: Normal{Float64}(μ=2.0900457675864015, σ=0.34374938386010706)
portion: 1.0
scaling: 1.0

==================================
Statistics:
Proportion of candidate states: 0.3720703125
Candidate states: 381
Total states: 1024
Total candidate pairs evaluated: 1000
Total natural transitions: 636

Path length diff avg: -0.464
Path length diff val: [0, -5, -1, 2, -3, -2, -4, 3, 1]
Path length diff count: [522, 3, 186, 15, 52, 95, 16, 3, 108]

Cost improvement avg: 3.393199999999999
Cost improvement val: [9.6, 3.8, 8.8, 6.9, 7.8, 8.6, 6.8, 4.9, 14.8, 10.6, 10.9, 9.9, 8.7, 0.7, 9.8, 2.9, 7.9, 6.6, 3.6, 1.9, 11.8, 2.7, 0.0, 8.9, 0.9, 0.8, 4.8, 2.8, 7.5, 7.6, 3.9, 5.9, 5.8, 11.7, 3.7, 5.7, 7.7, 1.8, 10.7, 4.7, 6.7, 9.7, 13.9, 10.8]
Cost improvement count: [2, 27, 26, 11, 17, 1, 23, 27, 1, 1, 3, 4, 4, 2, 3, 176, 8, 1, 1, 76, 3, 3, 255, 10, 27, 12, 50, 12, 1, 2, 24, 80, 44, 1, 11, 3, 4, 18, 2, 3, 8, 6, 2, 5]

==================================
A matrices:
(T = 1)
10×10 Matrix{Float64}:
 -1.0       -0.656331  -0.398485   -0.871539  -0.209074   -0.443415    -0.528409    -0.190674  -0.0954063  -0.486599
 -1.12294   -1.0        0.14886    -0.176978  -0.247828   -0.285458    -0.139845    -0.554039  -0.158945    0.11759
  0.294839   0.311373  -1.0        -0.623772  -0.632345   -0.00515071  -0.651095    -0.664299  -0.584418   -0.00359271
 -0.425553   0.120556   0.326121   -1.0        0.0227284  -0.351836    -0.0541734   -0.919966  -0.319124    0.150703
 -0.135958  -0.678861   0.239327   -0.452588  -1.0        -0.237082    -0.00402136  -0.332164   0.158599   -0.626586
 -0.249079  -0.51747   -0.497968   -0.40987   -0.591198   -1.0          0.103613     0.218638  -0.403503   -0.343833
 -0.345564  -0.263812  -0.355394   -0.214223  -0.454135   -0.973275    -1.0         -0.408265  -0.310881   -0.480649
 -0.476116  -0.421066   0.0905161  -0.562427  -0.119175   -0.525024    -0.18525     -1.0       -0.0472225  -0.562759
 -0.507821   0.312126  -0.17568    -0.114457  -0.616875   -0.903398    -0.504257    -0.448476  -1.0        -0.978993
 -0.563644  -0.365887   0.192742   -0.721012  -0.70189    -0.42913      0.00913467  -0.337704  -0.0786573  -1.0

==================================
r vectors:
(T = 1)
10-element Vector{Float64}:
 1.9596425454621273
 1.9083211856395816
 2.223052094027606
 2.386009388771031
 2.19352965888755
 1.8648442804449301
 2.0531051021425415
 2.4499067898416618
 2.483151588570288
 2.5457311395088253
