==================================
Setup:
N: 10
T: 1
add: 1.0
del: 3.0
nat: 0.1
temp: 5.0
Source: Generated
A parameters: Normal{Float64}(μ=-0.34957337852079434, σ=0.317489533866379)
r parameters: Normal{Float64}(μ=2.0900457675864015, σ=0.34374938386010706)
portion: 1.0
scaling: 1.0

==================================
Statistics:
Proportion of candidate states: 0.2294921875
Candidate states: 235
Total states: 1024
Total candidate pairs evaluated: 1000
Total natural transitions: 786

Path length diff avg: -0.356
Path length diff val: [0, -5, -1, 2, -3, -2, -4, 3, 1]
Path length diff count: [549, 2, 170, 21, 32, 103, 9, 3, 111]

Cost improvement avg: 3.5018000000000002
Cost improvement val: [1.7, 5.8, 11.7, 1.9, 3.7, 8.7, 5.7, 13.8, 11.8, 7.7, 9.6, 2.7, 0.7, 0.0, 1.8, 2.9, 8.9, 7.9, 3.8, 4.7, 8.8, 9.8, 0.9, 10.7, 6.7, 12.8, 0.8, 4.8, 7.8, 2.8, 6.8, 11.9, 4.9, 3.9, 10.6, 10.8, 5.9]
Cost improvement count: [1, 35, 2, 63, 1, 1, 5, 1, 2, 2, 1, 1, 1, 250, 11, 175, 20, 20, 34, 1, 20, 13, 32, 1, 6, 3, 8, 37, 28, 15, 29, 3, 69, 32, 1, 6, 70]

==================================
A matrices:
(T = 1)
10×10 Matrix{Float64}:
 -1.0        -0.958844   -0.578098   -0.257443  -0.874552   -0.616463  -0.637607   -0.0192357  -1.30048    -0.225648
 -0.106978   -1.0        -0.846975   -0.43919   -0.268598   -0.188468  -0.205635   -0.319834   -0.632743   -0.160119
 -0.176803   -0.51207    -1.0        -0.713191  -0.178556   -0.60861   -0.222387   -0.71204    -0.355832   -0.780967
 -0.182755    0.0523526  -0.584588   -1.0       -0.354524   -0.168128  -0.381104    0.0653633   0.0750118  -0.608995
 -0.687785   -0.603113   -0.0970864  -0.185642  -1.0        -0.542443   0.0299734  -0.0778565  -0.447112   -0.290234
 -0.347671   -0.336793   -0.149616   -0.438073  -0.277557   -1.0        0.105969   -0.0911052   0.805699   -0.297988
  0.0202012  -0.678245   -0.120241   -0.280386  -0.49363    -0.288679  -1.0        -0.694339   -1.0163     -0.606684
 -0.177421   -0.266828   -0.567924   -0.188141  -0.139916   -0.72674   -0.214835   -1.0        -1.09467    -0.498143
 -0.830635   -0.151944   -0.293758   -0.56974   -0.0505872  -0.773546  -0.134162   -0.167334   -1.0        -0.226258
 -0.209273   -0.516675   -0.412801   -0.350797  -0.4326     -0.547129  -0.194575   -0.746736   -0.105292   -1.0

==================================
r vectors:
(T = 1)
10-element Vector{Float64}:
 2.1076282973859093
 1.612108287566589
 1.6010269504387802
 1.4371052931339245
 2.3771834557265556
 2.042315867476494
 2.26023141850266
 2.6696741369832524
 1.8133306766860104
 1.9021054189727031
