==================================
Setup:
N: 10
T: 1
add: 1.0
del: 3.0
nat: 0.1
temp: 5.0
Source: Generated
A parameters: Normal{Float64}(μ=-0.34957337852079434, σ=0.317489533866379)
r parameters: Normal{Float64}(μ=2.0900457675864015, σ=0.34374938386010706)
portion: 1.0
scaling: 1.0

==================================
Statistics:
Proportion of candidate states: 0.3212890625
Candidate states: 329
Total states: 1024
Total candidate pairs evaluated: 1000
Total natural transitions: 695

Path length diff avg: -0.259
Path length diff val: [0, -1, 2, -3, -2, -4, 1]
Path length diff count: [676, 128, 10, 36, 56, 5, 89]

Cost improvement avg: 2.5447
Cost improvement val: [5.8, 11.7, 1.9, 3.7, 5.7, 7.7, 2.7, 0.7, 0.0, 1.8, 2.9, 8.9, 7.9, 3.8, 4.7, 8.8, 6.6, 0.9, 10.7, 6.7, 0.8, 4.8, 7.8, 9.5, 2.8, 6.8, 9.7, 4.9, 3.9, 10.8, 5.9]
Cost improvement count: [37, 1, 85, 9, 1, 4, 3, 1, 326, 12, 285, 10, 1, 20, 4, 20, 2, 18, 1, 1, 19, 25, 9, 1, 4, 9, 1, 20, 4, 2, 65]

==================================
A matrices:
(T = 1)
10×10 Matrix{Float64}:
 -1.0        0.280514   -0.29095   -0.0689889  -0.353244   -0.301883   -0.092775   -0.118063  -0.650066    -0.620987
 -0.205511  -1.0        -0.120972  -0.579828   -0.16793     0.233365   -0.411258   -0.405105  -0.0590063   -0.507959
 -0.116347  -0.273883   -1.0       -0.341624   -0.703488   -0.134449   -0.48063    -0.459343  -0.719023    -0.290389
 -0.27623   -0.0795288  -0.230597  -1.0        -0.0862734  -0.25919    -0.289367   -0.869803  -0.673223     0.590767
 -0.821231  -0.348135   -0.108092   0.0797673  -1.0        -0.156716   -0.272731   -0.695447   0.0633785   -0.343558
 -0.285741   0.0861922  -0.14944   -0.498333   -0.320256   -1.0        -0.0281981  -0.611746  -0.00730338  -0.158457
 -0.187474  -0.0568277  -0.683844  -0.638787   -0.492641   -0.594412   -1.0        -0.416435  -0.0596165   -0.530756
 -0.279486   0.223479   -0.640841  -0.387635   -0.513845   -0.3683     -0.751441   -1.0       -0.170209    -0.0791614
 -0.424535  -0.440941   -0.617472   0.182364   -0.846275   -0.627925   -0.248003   -0.576564  -1.0         -0.263789
 -0.374753  -0.282493    0.260863  -0.523088   -0.586332   -0.0357277  -0.35656    -0.121469  -0.42521     -1.0

==================================
r vectors:
(T = 1)
10-element Vector{Float64}:
 2.4042564672509315
 2.310271244058315
 1.763634951530149
 2.3337491710135434
 1.4132031329595072
 2.5031552458921853
 1.5579231599442454
 2.2399986069993685
 1.9359005410065087
 1.9667700868938147
