==================================
Setup:
N: 10
T: 1
add: 1.0
del: 3.0
nat: 0.1
temp: 5.0
Source: Generated
A parameters: Normal{Float64}(μ=-0.34957337852079434, σ=0.317489533866379)
r parameters: Normal{Float64}(μ=2.0900457675864015, σ=0.34374938386010706)
portion: 1.0
scaling: 1.0

==================================
Statistics:
Proportion of candidate states: 0.35546875
Candidate states: 364
Total states: 1024
Total candidate pairs evaluated: 1000
Total natural transitions: 659

Path length diff avg: -0.464
Path length diff val: [0, -5, -1, 2, -3, -6, -4, -2, 3, 1]
Path length diff count: [558, 5, 150, 19, 34, 1, 25, 111, 3, 94]

Cost improvement avg: 3.1078999999999994
Cost improvement val: [1.7, 5.8, 15.8, 11.7, 1.9, 3.7, 8.7, 5.7, 13.8, 11.8, 7.7, 2.7, 0.7, 0.0, 1.8, 2.9, 8.9, 7.9, 3.8, 4.7, 8.8, 9.8, 0.9, 12.8, 6.7, 6.9, 0.8, 4.8, 7.8, 2.8, 6.8, 9.7, 4.9, 11.9, 3.9, 10.9, 3.6, 10.8, 5.9]
Cost improvement count: [1, 41, 1, 1, 73, 5, 1, 2, 1, 3, 6, 3, 1, 291, 18, 174, 13, 17, 25, 5, 20, 8, 47, 4, 3, 10, 6, 30, 16, 10, 16, 1, 50, 3, 28, 2, 1, 2, 61]

==================================
A matrices:
(T = 1)
10×10 Matrix{Float64}:
 -1.0        -0.541799   -0.340866  -0.459919   -0.391292  -0.0103163   0.0489575  -0.32512    -0.594549   -0.700912
 -0.314616   -1.0        -0.236952   0.191073   -0.672308   0.0810734  -0.711727   -0.28604    -0.958937   -0.132962
 -0.222977   -0.45552    -1.0       -0.624052   -0.256119  -0.509363   -0.0560079   0.0665657   0.119551   -0.386521
 -0.250975    0.0566328  -0.926182  -1.0        -0.410743  -0.250009    0.233506   -0.420017   -0.352932   -0.135497
 -0.281362   -0.115145   -0.33497   -0.0127438  -1.0       -0.194816   -0.296692   -0.657812   -0.213682   -0.726759
 -0.842237   -0.148889   -0.235373  -0.527934   -0.526169  -1.0        -0.0981979  -0.498999    0.0582386  -0.275827
 -0.713643   -0.0978646  -0.174494   0.24414    -0.145628  -0.427704   -1.0        -0.266128   -0.346511   -0.200211
 -0.668455   -0.68421    -0.687273  -0.449045   -0.565078  -0.207078   -0.061893   -1.0        -0.710233   -0.911487
  0.329929   -0.240318    0.166868  -0.344472   -0.214143  -1.00267     0.0446014  -0.334313   -1.0         0.07071
 -0.0405443  -0.611842   -0.420942   0.109123   -0.258395  -0.261892   -0.218327   -0.381637    0.269059   -1.0

==================================
r vectors:
(T = 1)
10-element Vector{Float64}:
 2.150681784944305
 1.8860461715259715
 2.378216659615389
 1.9201867052983068
 2.5795475411001703
 1.9921439356444721
 1.9453965525054724
 2.1853066315360703
 1.9326969309492412
 1.8704142146484555
