==================================
Setup:
N: 10
T: 1
add: 1.0
del: 3.0
nat: 0.1
temp: 5.0
Source: Generated
A parameters: Normal{Float64}(μ=-0.34957337852079434, σ=0.317489533866379)
r parameters: Normal{Float64}(μ=2.0900457675864015, σ=0.34374938386010706)
portion: 1.0
scaling: 1.0

==================================
Statistics:
Proportion of candidate states: 0.2734375
Candidate states: 280
Total states: 1024
Total candidate pairs evaluated: 1000
Total natural transitions: 744

Path length diff avg: -0.352
Path length diff val: [0, -5, -1, 2, -3, -2, -4, 3, 1]
Path length diff count: [600, 1, 189, 22, 33, 70, 10, 1, 74]

Cost improvement avg: 2.7635000000000005
Cost improvement val: [5.8, 1.9, 3.7, 8.7, 5.7, 11.8, 7.7, 2.7, 0.7, 0.0, 1.8, 2.9, 8.9, 7.9, 3.8, 4.7, 8.8, 10.7, 0.9, 6.7, 0.8, 4.8, 7.8, 2.8, 4.6, 6.8, 9.7, 4.9, 11.9, 3.9, 10.8, 5.9]
Cost improvement count: [31, 120, 2, 1, 2, 2, 2, 2, 1, 307, 10, 182, 20, 7, 28, 1, 9, 1, 28, 2, 21, 33, 32, 8, 1, 9, 1, 54, 1, 24, 6, 52]

==================================
A matrices:
(T = 1)
10×10 Matrix{Float64}:
 -1.0         -0.157166   -0.152819  -0.251324   -0.177292  -0.643012   -0.331639    -0.496766   -0.625683   -0.0281711
 -0.599883    -1.0        -0.589317  -0.805873   -0.967194  -0.0207147  -0.765977    -0.0635792  -0.410099   -0.133138
 -0.696045    -0.404211   -1.0       -0.247032   -0.129079  -0.894533   -0.134555    -0.387845   -1.02771    -0.679295
  0.357958    -0.399224   -0.11194   -1.0        -0.108985  -0.123708   -0.102556     0.114947   -0.0781205  -0.288831
  0.216139    -0.0715937  -0.723261  -0.28489    -1.0       -0.149691   -0.449563    -0.329397   -0.736173   -0.457993
 -0.0877274   -0.283194   -0.192285  -0.0303246  -0.108529  -1.0        -0.722428    -0.376455    0.190719    0.0306155
  0.00285324  -0.288244   -0.515507  -0.0419047  -0.530135  -0.337561   -1.0          0.346674   -0.608559   -0.204248
 -0.492182    -0.245486   -0.925681  -0.769393   -0.33717   -0.366184   -0.385445    -1.0        -0.539904    0.235388
 -0.333377    -0.304885   -0.419115  -0.199725   -0.377389  -0.586842    0.00385682  -1.00905    -1.0        -0.625315
 -0.536108     0.0961366  -0.351499  -0.510067   -0.391189  -0.271553   -0.33906      0.193697   -0.146092   -1.0

==================================
r vectors:
(T = 1)
10-element Vector{Float64}:
 1.9815092689607414
 2.067762503347674
 1.8506471390696528
 2.1280378184148523
 2.1581935446405764
 2.3014411962382875
 1.7985906163070915
 1.4758746581335571
 1.8857363313292803
 2.3244212091434515
