==================================
Setup:
N: 10
T: 1
add: 1.0
del: 3.0
nat: 0.1
temp: 5.0
Source: Generated
A parameters: Normal{Float64}(μ=-0.34957337852079434, σ=0.317489533866379)
r parameters: Normal{Float64}(μ=2.0900457675864015, σ=0.34374938386010706)
portion: 1.0
scaling: 1.0

==================================
Statistics:
Proportion of candidate states: 0.2099609375
Candidate states: 215
Total states: 1024
Total candidate pairs evaluated: 1000
Total natural transitions: 788

Path length diff avg: -0.416
Path length diff val: [0, -5, -1, 2, -3, -2, -4, 3, 1]
Path length diff count: [563, 3, 166, 15, 55, 88, 8, 3, 99]

Cost improvement avg: 3.2597000000000005
Cost improvement val: [5.8, 11.7, 1.9, 3.7, 8.7, 5.7, 13.8, 7.7, 2.7, 12.8, 0.0, 1.8, 2.9, 8.9, 7.9, 3.8, 4.7, 8.8, 9.8, 0.9, 10.7, 6.7, 6.9, 0.8, 4.8, 7.8, 2.8, 4.6, 12.7, 6.8, 9.7, 4.9, 11.9, 3.9, 10.9, 10.8, 5.9]
Cost improvement count: [30, 1, 67, 8, 7, 2, 2, 6, 3, 1, 278, 13, 199, 12, 9, 28, 5, 10, 17, 17, 2, 2, 6, 20, 36, 21, 23, 1, 1, 42, 4, 30, 3, 10, 1, 3, 80]

==================================
A matrices:
(T = 1)
10×10 Matrix{Float64}:
 -1.0       -0.30172    -0.40339    -0.172821  -0.369382   -0.290278   -0.526308  -0.154845   -0.526916    -0.928395
 -1.16721   -1.0        -0.15955    -0.332423  -0.483097   -0.0411607  -0.491602  -0.0700568  -0.783725    -0.619055
  0.230165  -0.267087   -1.0         0.137003  -0.732992   -0.942258   -0.563778  -0.389346    0.00935437  -0.54821
 -0.863375  -0.313771   -0.246083   -1.0        0.201319   -0.390098   -0.559474  -0.629559   -0.565065     0.225992
 -0.435959  -0.163427   -0.351079   -0.82077   -1.0        -0.239357    0.143905  -0.0292301  -0.236407    -1.13518
 -0.467848  -0.744084   -1.49109    -0.202607   0.0755114  -1.0        -0.290847  -0.397348   -0.493362    -0.0841761
 -0.539776   0.0297963   0.0918849  -0.553737  -0.299181   -0.0965529  -1.0       -0.254471   -0.350687    -0.389969
 -0.67353   -0.510379   -0.489117   -0.230172  -0.115927   -0.537542    0.104786  -1.0        -0.01014      0.100581
 -0.123111  -0.986355    0.0960862  -1.02433   -0.565374   -0.891571   -0.746682  -0.348299   -1.0         -0.63154
 -0.235067  -0.496251   -0.0775055  -0.520402  -0.125079    0.0398166   0.214313  -0.693852   -0.301139    -1.0

==================================
r vectors:
(T = 1)
10-element Vector{Float64}:
 1.9615909831903893
 1.383856545622589
 2.0343616653105827
 2.378244915180762
 1.9824299016872573
 2.5775354420097227
 2.214464635382619
 2.1562218034298857
 1.2544892223306179
 1.7086555163103647
