==================================
Setup:
N: 10
T: 1
add: 1.0
del: 3.0
nat: 0.1
temp: 5.0
Source: Generated
A parameters: Normal{Float64}(μ=-0.34957337852079434, σ=0.317489533866379)
r parameters: Normal{Float64}(μ=2.0900457675864015, σ=0.34374938386010706)
portion: 1.0
scaling: 1.0

==================================
Statistics:
Proportion of candidate states: 0.28515625
Candidate states: 292
Total states: 1024
Total candidate pairs evaluated: 1000
Total natural transitions: 732

Path length diff avg: -0.43
Path length diff val: [0, -5, -1, 2, -3, -2, -4, 3, 1]
Path length diff count: [537, 5, 175, 16, 45, 94, 15, 4, 109]

Cost improvement avg: 3.4345000000000003
Cost improvement val: [1.7, 3.8, 8.8, 6.9, 7.8, 8.6, 6.8, 4.9, 10.9, 9.9, 8.7, 0.7, 9.8, 2.9, 7.9, 4.6, 5.6, 1.9, 13.8, 11.8, 2.7, 0.0, 8.9, 0.9, 0.8, 4.8, 2.8, 12.7, 7.6, 3.9, 5.9, 5.8, 11.7, 3.7, 5.7, 7.7, 13.7, 1.8, 4.7, 6.7, 9.7, 11.9, 16.8, 10.8, 14.7]
Cost improvement count: [1, 24, 16, 6, 14, 1, 27, 24, 4, 1, 7, 1, 11, 190, 14, 1, 1, 80, 1, 4, 5, 261, 8, 18, 17, 33, 11, 2, 3, 21, 77, 50, 3, 9, 5, 7, 1, 10, 10, 5, 2, 3, 1, 7, 3]

==================================
A matrices:
(T = 1)
10×10 Matrix{Float64}:
 -1.0        -0.0167968   0.159793   -0.064781   -0.320988   -0.842973   -0.55114     0.100493   -0.493026    -0.136966
 -0.583992   -1.0        -0.896133   -0.468917   -0.700307   -0.123113   -0.425194   -0.26492    -0.884679    -0.480743
  0.301521   -0.661936   -1.0        -0.280301   -0.318207   -0.62775    -0.218877    0.142891   -0.799695    -0.600923
 -0.442568   -0.252473   -0.689428   -1.0        -0.132115   -0.318021   -0.321544    0.352935   -0.405067    -0.404609
 -0.323567    0.204188   -0.344409    0.0757565  -1.0         0.109678    0.260635   -0.78078    -0.91343     -0.305501
 -0.244795   -0.786913   -0.0725229  -1.36624    -0.529516   -1.0        -0.407815    0.199988   -0.31228      0.0752553
 -0.310843   -0.599439   -0.189995   -0.298463   -0.0854672  -0.0847145  -1.0        -0.667974   -0.28851     -0.0195691
 -0.344068   -0.342589   -0.207681   -0.353056   -0.597589   -0.0427237  -0.437772   -1.0         0.00144129  -0.362974
 -0.0991987  -0.869065   -0.0193327  -0.044777   -0.215045   -0.563709    0.0771766  -0.656526   -1.0          0.0145737
 -0.0941331  -0.655141   -0.171922   -0.299993   -0.726652   -0.313035   -0.172297   -0.0386743  -0.291972    -1.0

==================================
r vectors:
(T = 1)
10-element Vector{Float64}:
 2.0770639690472343
 1.6784952850788009
 1.7534695670426095
 1.7210166713615265
 2.6354086756525463
 2.3601852812366166
 2.0199588722825954
 1.3531823732331787
 1.9280702085647776
 1.9259921766835002
