==================================
Setup:
N: 10
T: 1
add: 1.0
del: 3.0
nat: 0.1
temp: 5.0
Source: Generated
A parameters: Normal{Float64}(μ=-0.34957337852079434, σ=0.317489533866379)
r parameters: Normal{Float64}(μ=2.0900457675864015, σ=0.34374938386010706)
portion: 1.0
scaling: 1.0

==================================
Statistics:
Proportion of candidate states: 0.2841796875
Candidate states: 291
Total states: 1024
Total candidate pairs evaluated: 1000
Total natural transitions: 733

Path length diff avg: -0.346
Path length diff val: [0, -1, 2, -3, -6, -4, -2, 3, 1]
Path length diff count: [602, 142, 17, 35, 2, 9, 94, 2, 97]

Cost improvement avg: 3.0494999999999997
Cost improvement val: [5.8, 11.7, 1.9, 3.7, 8.7, 5.7, 11.8, 7.7, 2.7, 0.7, 0.0, 1.8, 2.9, 8.9, 7.9, 3.8, 4.7, 8.8, 6.6, 0.9, 9.8, 6.7, 11.6, 0.8, 4.8, 7.8, 2.8, 7.6, 6.8, 9.7, 4.9, 11.9, 3.9, 1.6, 10.8, 5.9]
Cost improvement count: [42, 1, 69, 6, 2, 5, 3, 7, 4, 5, 271, 22, 223, 14, 6, 31, 6, 18, 1, 28, 4, 3, 1, 12, 30, 20, 10, 1, 18, 2, 43, 2, 16, 1, 2, 71]

==================================
A matrices:
(T = 1)
10×10 Matrix{Float64}:
 -1.0        -0.393625  -0.315697  -0.0277412  -0.0701342  -0.598844   -0.638539  -0.365792   0.155013   -0.359881
 -0.297043   -1.0       -0.626984  -0.349421   -0.43968    -1.20723    -0.673343  -0.881902  -0.428692   -0.532113
 -0.295771   -0.934725  -1.0        0.0552366   0.232334    0.051896   -0.37615   -0.190158  -0.0294417  -0.408846
 -0.704214   -0.578666  -0.272481  -1.0        -0.517516   -0.287898    0.239762   0.393598  -0.88776    -0.898992
 -1.0337     -0.163278  -0.272842  -0.163166   -1.0        -0.114893   -0.330421  -0.161816  -0.413862   -0.369437
 -0.927521   -0.103537  -0.590009  -1.07476    -0.495007   -1.0        -0.847452   0.339543  -0.227385   -0.61622
 -0.443201   -0.838189  -0.570806  -0.84075     0.0440073  -0.0463108  -1.0        0.273969  -0.253933   -0.260882
 -0.188652   -0.643793  -0.367796  -0.0446467  -0.370775   -0.55281    -0.585079  -1.0       -0.361868   -0.157353
 -0.635229   -0.545241  -0.585686  -0.423103   -0.323165   -0.516007   -0.813801  -0.498262  -1.0        -0.0298606
 -0.0226871  -0.588406  -0.602042   0.0500479  -0.713556   -0.536227   -0.132952  -1.05729   -0.13774    -1.0

==================================
r vectors:
(T = 1)
10-element Vector{Float64}:
 2.456441748415362
 2.082870626166653
 2.122064626266016
 2.1042890968969625
 1.6085192273526845
 2.4374041942736575
 2.1489899361655365
 1.525606830422038
 2.1899137639105266
 1.7710842276830616
