==================================
Setup:
N: 10
T: 1
add: 1.0
del: 3.0
nat: 0.1
temp: 5.0
Source: Generated
A parameters: Normal{Float64}(μ=-0.34957337852079434, σ=0.317489533866379)
r parameters: Normal{Float64}(μ=2.0900457675864015, σ=0.34374938386010706)
portion: 1.0
scaling: 1.0

==================================
Statistics:
Proportion of candidate states: 0.23046875
Candidate states: 236
Total states: 1024
Total candidate pairs evaluated: 1000
Total natural transitions: 777

Path length diff avg: -0.542
Path length diff val: [0, -5, -1, 2, -3, -2, -4, 1]
Path length diff count: [520, 2, 210, 11, 53, 108, 13, 83]

Cost improvement avg: 3.237899999999999
Cost improvement val: [5.8, 11.7, 1.9, 3.7, 8.7, 5.7, 11.8, 7.7, 2.7, 0.0, 1.8, 2.9, 8.9, 7.9, 3.8, 4.7, 8.8, 9.8, 0.9, 6.7, 0.8, 4.8, 7.8, 2.8, 4.6, 12.7, 8.6, 6.8, 9.7, 4.9, 3.9, 3.6, 10.8, 5.9]
Cost improvement count: [30, 2, 104, 6, 7, 7, 1, 3, 3, 230, 6, 188, 10, 9, 58, 5, 2, 4, 23, 6, 17, 62, 28, 19, 1, 1, 2, 29, 2, 51, 11, 1, 9, 63]

==================================
A matrices:
(T = 1)
10×10 Matrix{Float64}:
 -1.0       -0.192337   -0.443864   -0.411764     -0.252368   -0.416886   -0.483892   -0.0782922  -0.0320826  -0.176037
 -0.896241  -1.0        -0.822184   -0.452421     -0.566217    0.0522309  -0.215042   -0.61881    -0.841865   -0.330657
 -0.1579    -0.564202   -1.0        -0.279986      0.0403753  -0.31139     0.488959   -0.293476   -0.196282   -0.421924
 -0.416817  -0.263453    0.0637847  -1.0          -0.431191   -0.924494   -0.632248   -0.0363663  -0.391659   -0.636423
  0.289633   0.0641222  -0.280881   -0.449533     -1.0        -0.0889636  -0.236346   -0.0261406   0.0240212  -0.108966
 -0.10716    0.214629   -0.749136    0.369837     -0.424137   -1.0        -0.492857    0.0693291  -0.550649   -0.270434
 -0.38073   -0.831962    0.201465   -0.441603     -0.190983   -0.732291   -1.0         0.211928   -0.569049   -0.499063
 -0.304341   0.37062     0.239257   -0.000617631   0.121358   -0.411281   -0.607171   -1.0         0.247182   -0.179989
 -1.26823   -1.25779    -0.277641   -0.299798     -0.76045    -0.459395   -0.318101   -0.61135    -1.0        -0.498069
 -0.263452  -0.541824   -0.268748   -0.368462      0.335598   -0.198956   -0.0985935  -0.555224   -0.273231   -1.0

==================================
r vectors:
(T = 1)
10-element Vector{Float64}:
 2.101251532500595
 2.781465256849853
 1.7514765852630785
 1.5804541500530607
 1.9524010772473772
 2.152668970639387
 2.615607188728551
 2.100703665003664
 2.0551263550919145
 2.3577152644809227
