==================================
Setup:
N: 10
T: 1
add: 1.0
del: 3.0
nat: 0.1
temp: 5.0
Source: Generated
A parameters: Normal{Float64}(μ=-0.34957337852079434, σ=0.317489533866379)
r parameters: Normal{Float64}(μ=2.0900457675864015, σ=0.34374938386010706)
portion: 1.0
scaling: 1.0

==================================
Statistics:
Proportion of candidate states: 0.2529296875
Candidate states: 259
Total states: 1024
Total candidate pairs evaluated: 1000
Total natural transitions: 759

Path length diff avg: -0.415
Path length diff val: [0, -5, -1, 2, -3, -2, -4, 1]
Path length diff count: [535, 1, 181, 17, 50, 98, 7, 111]

Cost improvement avg: 3.4101999999999997
Cost improvement val: [5.8, 11.7, 1.9, 3.7, 8.7, 5.7, 13.8, 11.8, 7.7, 2.7, 0.7, 0.0, 1.8, 2.9, 8.9, 7.9, 3.8, 4.7, 8.8, 10.7, 0.9, 6.7, 0.8, 4.8, 7.8, 2.8, 4.6, 12.7, 6.8, 9.7, 4.9, 3.9, 5.6, 3.6, 10.8, 5.9]
Cost improvement count: [28, 1, 72, 6, 3, 5, 1, 5, 4, 4, 1, 246, 11, 184, 11, 6, 43, 1, 22, 1, 30, 7, 21, 47, 25, 14, 1, 5, 30, 14, 49, 15, 1, 1, 14, 71]

==================================
A matrices:
(T = 1)
10×10 Matrix{Float64}:
 -1.0        -0.229797  -0.616164   -0.229885   -0.309554   -0.342683   -0.264301  -0.607697   -0.521676    -0.837286
  0.12732    -1.0        0.0430676  -0.147498   -0.961299   -0.625184   -0.382782  -0.676094    0.00176041  -0.259398
  0.0143639  -0.199865  -1.0        -0.603742   -0.0041043  -0.282359   -0.678156  -0.610466   -0.720012     0.182825
 -0.240816   -0.198354  -0.134912   -1.0        -0.762244   -0.974179   -0.475158  -0.328289    0.158963    -0.346581
 -0.147746   -0.458974  -0.154022   -0.140664   -1.0        -0.561365    0.106751  -0.349286   -0.698076    -1.17674
 -1.01856    -0.261467  -0.296919   -0.338273   -0.544295   -1.0        -0.751679  -0.286494   -0.506382    -0.0810742
 -0.513068   -0.473534  -0.963471   -0.0529417  -0.90681    -0.315783   -1.0       -0.0477689  -0.0838228    0.377269
 -0.183813    0.340436  -0.0665474  -0.428504   -0.130532    0.0193085  -0.567247  -1.0         0.234695    -0.919059
 -0.519184   -0.565155  -0.536529   -0.993697   -0.144197   -0.251695   -0.245509  -0.586649   -1.0         -0.188831
  0.20699    -0.276198  -0.392702   -0.539006   -0.553998   -0.275771    0.19226   -0.232851   -0.482617    -1.0

==================================
r vectors:
(T = 1)
10-element Vector{Float64}:
 2.1943092526242642
 1.7316665783563727
 1.905407024223863
 1.8473397109914753
 2.47529358703593
 1.7028968842667191
 1.6975009523320537
 2.025624267216219
 2.0880101482610867
 2.607907851915452
