==================================
Setup:
N: 10
T: 1
add: 1.0
del: 3.0
nat: 0.1
temp: 5.0
Source: Generated
A parameters: Normal{Float64}(μ=-0.34957337852079434, σ=0.317489533866379)
r parameters: Normal{Float64}(μ=2.0900457675864015, σ=0.34374938386010706)
portion: 1.0
scaling: 1.0

==================================
Statistics:
Proportion of candidate states: 0.283203125
Candidate states: 290
Total states: 1024
Total candidate pairs evaluated: 1000
Total natural transitions: 728

Path length diff avg: -0.467
Path length diff val: [-3, -6, 1, 0, -5, -1, -2, 3, -7, 2, -4]
Path length diff count: [43, 2, 97, 536, 5, 168, 105, 3, 1, 23, 17]

Cost improvement avg: 3.281499999999999
Cost improvement val: [1.7, 5.8, 11.7, 1.9, 3.7, 8.7, 5.7, 11.8, 7.7, 2.7, 0.0, 1.8, 2.9, 8.9, 7.9, 3.8, 4.7, 8.8, 9.8, 0.9, 6.7, 6.9, 0.8, 4.8, 7.8, 2.8, 4.6, 12.7, 6.8, 8.5, 4.9, 9.7, 11.9, 3.9, 10.9, 5.6, 3.6, 10.8, 5.9, 0.6]
Cost improvement count: [2, 28, 2, 78, 4, 3, 10, 4, 4, 6, 252, 8, 193, 16, 14, 44, 3, 22, 4, 36, 9, 4, 13, 34, 20, 11, 2, 1, 27, 1, 44, 3, 3, 22, 3, 2, 2, 3, 62, 1]

==================================
A matrices:
(T = 1)
10×10 Matrix{Float64}:
 -1.0          0.00852692  -0.337084   -0.340342   -0.488709   -0.135864   -0.636882    -0.135294  -0.353309   -0.369097
  0.00648124  -1.0         -0.450405    0.319527   -0.66269    -0.0924151  -0.513207    -0.820774  -0.56956    -0.0773753
 -0.236483     0.184696    -1.0        -0.215368    0.373313   -0.342474    0.174555    -0.808085   0.0624273  -1.16084
 -0.00212029  -0.257696     0.224418   -1.0        -0.738455   -0.154841   -0.962624    -0.226843  -0.0935319  -0.286628
 -0.867865    -0.599214    -0.0294603  -0.25399    -1.0        -0.2171     -0.158179    -0.337028  -0.984422    0.295357
 -0.0669818   -0.371414    -0.301729   -0.262207   -0.364471   -1.0         0.00260042  -0.541814  -0.249364   -0.336108
 -0.248207    -0.238002    -0.796566   -0.0623016   0.0172213  -0.351336   -1.0         -0.454272   0.0212791  -0.927837
 -0.291644     0.0735273   -0.576658   -0.795066   -0.653821   -0.584418   -0.119695    -1.0       -0.272806   -0.768165
 -0.553404    -0.453815    -0.366228   -0.306861   -0.823501   -0.579809   -0.553818    -0.663938  -1.0        -0.188335
 -0.267928    -0.316198    -0.0921486  -0.0778669  -0.335382   -0.47125    -0.521355    -0.303541  -0.481606   -1.0

==================================
r vectors:
(T = 1)
10-element Vector{Float64}:
 2.0354323642040413
 2.04357466298614
 2.283651549302393
 2.1213651522361117
 1.7487270450200905
 2.4744855112518334
 2.383409586038064
 1.8929149511349512
 1.6328685000545475
 2.118984747284961
