==================================
Setup:
N: 10
T: 1
add: 1.0
del: 3.0
nat: 0.1
temp: 5.0
Source: Generated
A parameters: Normal{Float64}(μ=-0.34957337852079434, σ=0.317489533866379)
r parameters: Normal{Float64}(μ=2.0900457675864015, σ=0.34374938386010706)
portion: 1.0
scaling: 1.0

==================================
Statistics:
Proportion of candidate states: 0.1630859375
Candidate states: 167
Total states: 1024
Total candidate pairs evaluated: 1000
Total natural transitions: 841

Path length diff avg: -0.252
Path length diff val: [0, -1, 2, -3, -2, -4, 3, 1]
Path length diff count: [558, 198, 23, 25, 74, 1, 3, 118]

Cost improvement avg: 3.5268999999999995
Cost improvement val: [5.8, 11.7, 1.9, 3.7, 8.7, 5.7, 11.8, 7.7, 13.7, 0.0, 1.8, 2.9, 8.9, 7.9, 3.8, 4.7, 8.8, 6.6, 0.9, 9.8, 6.7, 10.7, 0.8, 4.8, 7.8, 2.8, 6.8, 11.9, 4.9, 14.8, 3.9, 10.9, 10.8, 5.9]
Cost improvement count: [33, 1, 107, 2, 5, 3, 9, 6, 1, 255, 12, 149, 13, 9, 31, 2, 21, 1, 19, 13, 3, 4, 8, 50, 39, 10, 24, 2, 68, 1, 11, 1, 8, 79]

==================================
A matrices:
(T = 1)
10×10 Matrix{Float64}:
 -1.0        -0.598537   -0.104064    0.34978    -0.673164   -0.925761  -0.478038    0.0647106  -0.258829  -0.656851
 -0.57786    -1.0        -0.266877   -0.682881   -0.868045   -0.251366   0.215958   -0.235587   -0.355849  -0.701995
 -0.0446087  -0.783044   -1.0        -0.374208   -0.156134   -0.414736  -0.350999   -0.450971   -0.298366  -0.526572
 -0.484036   -0.586059   -0.617281   -1.0         0.0237225  -0.321783  -0.565294   -0.409719    0.299088   0.281271
 -1.01236    -0.471139   -0.21327    -0.246484   -1.0        -0.384681  -0.832715    0.0895019  -0.433627  -0.0684199
 -0.726781   -0.278609    0.0658248  -0.657871   -0.696334   -1.0        0.159695   -0.739948   -0.291347  -0.743533
 -0.89947    -0.0330796  -0.919096    0.203912   -0.35514    -0.205571  -1.0        -0.652873   -0.907082  -1.05723
 -0.154662   -0.0114654   0.316393   -0.9632     -0.48385    -0.241985  -0.435012   -1.0        -0.820598  -1.02529
 -1.037       0.4596      0.275716   -0.0317765  -0.414195   -0.437175  -0.0467086  -0.159124   -1.0       -0.234381
 -0.570749   -0.263166   -1.01861    -0.768285   -0.905191   -0.458607  -0.571192   -1.00107    -1.29939   -1.0

==================================
r vectors:
(T = 1)
10-element Vector{Float64}:
 2.269977166754494
 1.6488354430617904
 2.102439505561138
 1.8615908004746313
 2.4956131037979006
 2.0232095595959927
 1.9413835916129683
 2.522413044492195
 2.311708105083638
 2.374091404658394
