==================================
Setup:
N: 10
T: 1
add: 1.0
del: 3.0
nat: 0.1
temp: 5.0
Source: Generated
A parameters: Normal{Float64}(μ=-0.34957337852079434, σ=0.317489533866379)
r parameters: Normal{Float64}(μ=2.0900457675864015, σ=0.34374938386010706)
portion: 1.0
scaling: 1.0

==================================
Statistics:
Proportion of candidate states: 0.2314453125
Candidate states: 237
Total states: 1024
Total candidate pairs evaluated: 1000
Total natural transitions: 787

Path length diff avg: -0.333
Path length diff val: [0, -1, 2, -3, -2, -4, 3, 1]
Path length diff count: [530, 203, 28, 25, 107, 2, 3, 102]

Cost improvement avg: 3.3464000000000014
Cost improvement val: [5.8, 1.9, 3.7, 8.7, 5.7, 11.8, 9.6, 12.8, 0.0, 1.8, 2.9, 8.9, 7.9, 3.8, 4.7, 8.8, 9.8, 0.9, 10.7, 6.7, 6.9, 0.8, 4.8, 7.8, 2.8, 12.7, 6.8, 9.7, 4.9, 11.9, 14.8, 3.9, 10.9, 16.8, 10.8, 5.9]
Cost improvement count: [22, 94, 1, 2, 3, 2, 1, 1, 252, 5, 167, 24, 24, 42, 1, 19, 7, 41, 1, 1, 6, 8, 35, 18, 12, 3, 28, 2, 70, 1, 1, 39, 2, 1, 6, 58]

==================================
A matrices:
(T = 1)
10×10 Matrix{Float64}:
 -1.0         0.130065    0.0472682   -0.534024   -0.357195   -0.0324434   0.327253  -0.639573  -0.519444   -1.05667
 -0.0642621  -1.0        -0.00401725  -0.0943413   0.076692   -0.367525   -0.59916   -0.432306  -0.604329   -0.0698902
 -0.347295   -0.162661   -1.0         -0.523028   -0.0561469  -0.337821   -0.488501  -0.907748  -0.367961   -0.0824451
 -0.457694   -0.392741   -0.727521    -1.0        -0.472064   -0.635962   -0.338314  -0.851931   0.102001   -0.177461
 -0.520937   -0.483736   -0.30062     -0.786803   -1.0        -0.607094   -0.676681  -0.949489   0.0618254  -0.98855
 -0.945826   -0.0305523  -0.405404    -0.190344    0.0849388  -1.0        -0.695248  -0.356249  -0.576296   -0.54123
  0.0826246  -0.0731897  -0.587801    -0.59642    -0.69705    -0.587859   -1.0       -0.339856  -0.0711851  -0.349783
  0.0425208  -0.183417   -0.591783    -0.378637   -0.676802   -0.314584    0.171541  -1.0       -0.490983   -0.64154
  0.121694   -0.188321   -0.474384    -0.131241   -0.429432   -0.447741   -0.57114   -0.481723  -1.0        -0.193024
 -0.373987   -0.2957     -0.327473    -0.638598   -1.02005    -0.155139    0.1648    -0.278184  -0.818484   -1.0

==================================
r vectors:
(T = 1)
10-element Vector{Float64}:
 2.1945635498590144
 1.660182051946998
 1.3550748816811051
 1.8408968474116423
 1.4228840372527958
 2.3572083635093355
 2.357614704772031
 2.1911257472258328
 1.5492424808479563
 1.8831637690849647
