==================================
Setup:
N: 10
T: 1
add: 1.0
del: 3.0
nat: 0.1
temp: 5.0
Source: Generated
A parameters: Normal{Float64}(μ=-0.34957337852079434, σ=0.317489533866379)
r parameters: Normal{Float64}(μ=2.0900457675864015, σ=0.34374938386010706)
portion: 1.0
scaling: 1.0

==================================
Statistics:
Proportion of candidate states: 0.2841796875
Candidate states: 291
Total states: 1024
Total candidate pairs evaluated: 1000
Total natural transitions: 684

Path length diff avg: -0.436
Path length diff val: [0, 4, -5, -1, 2, -3, -2, -4, 3, 1]
Path length diff count: [498, 1, 5, 192, 35, 41, 118, 10, 3, 97]

Cost improvement avg: 3.4482000000000004
Cost improvement val: [1.7, 9.6, 3.8, 8.8, 6.9, 7.8, 8.6, 6.8, 4.9, 10.6, 10.9, 8.7, 0.7, 9.8, 2.9, 7.9, 4.6, 5.6, 13.6, 1.9, 11.8, 2.7, 0.0, 14.9, 8.9, 0.9, 0.8, 4.8, 2.8, 12.7, 3.9, 2.6, 5.9, 5.8, 11.7, 3.7, 5.7, 7.7, 12.6, 1.8, 10.7, 6.7, 15.7, 9.7, 11.9, 10.8]
Cost improvement count: [3, 1, 40, 14, 1, 24, 1, 40, 56, 1, 1, 5, 1, 4, 156, 11, 1, 2, 1, 92, 3, 2, 246, 1, 31, 41, 8, 38, 10, 1, 14, 1, 69, 26, 1, 7, 9, 6, 1, 11, 1, 7, 1, 4, 3, 3]

==================================
A matrices:
(T = 1)
10×10 Matrix{Float64}:
 -1.0       -0.0611233  -0.483604   -0.876363   -0.0741843  -0.223378   -0.253177  -0.392716  -0.385217   -0.927089
 -0.588486  -1.0         0.26245    -1.23941    -0.677129   -0.0647133  -0.428533  -0.656461  -0.426231    0.014456
 -0.116585   0.0362101  -1.0        -0.43064    -0.129883   -0.510017   -0.170653  -0.509326   0.0715603  -0.55667
 -0.302697  -0.359503   -0.482302   -1.0        -0.377475    0.359847   -0.395424  -0.659846  -0.732037   -0.153518
 -0.147795  -0.471128    0.0938992  -0.0689068  -1.0        -0.515968   -0.200968   0.216544  -0.785282   -0.803273
 -1.01677   -0.780755   -0.757985   -0.218226   -0.321038   -1.0         0.423328  -0.59429   -0.673028   -0.54082
 -0.104429  -0.130311   -0.454736   -0.612443   -0.837387   -0.3935     -1.0       -0.270299   0.0932832  -0.282794
 -0.157776  -0.22668    -0.583484   -0.4312     -0.606651   -0.306355   -0.317491  -1.0        0.138459   -0.113133
 -0.666564  -0.637297   -0.0684987  -1.45267    -0.0767071  -0.723443   -0.508036  -0.114345  -1.0        -0.417223
 -0.132409  -0.406931   -0.567554   -0.638098   -0.410533    0.123856   -0.606166  -0.344133  -0.359686   -1.0

==================================
r vectors:
(T = 1)
10-element Vector{Float64}:
 2.5506867891750584
 2.5404208699002053
 2.242012925447358
 2.4846827525413997
 2.2614344050178383
 2.5469823667788605
 2.234435539469561
 2.410800945066812
 2.165932603801647
 2.330502338282607
