==================================
Setup:
N: 10
T: 1
add: 1.0
del: 3.0
nat: 0.1
temp: 5.0
Source: Generated
A parameters: Normal{Float64}(μ=-0.34957337852079434, σ=0.317489533866379)
r parameters: Normal{Float64}(μ=2.0900457675864015, σ=0.34374938386010706)
portion: 1.0
scaling: 1.0

==================================
Statistics:
Proportion of candidate states: 0.232421875
Candidate states: 238
Total states: 1024
Total candidate pairs evaluated: 1000
Total natural transitions: 782

Path length diff avg: -0.326
Path length diff val: [0, -5, -1, 2, -3, -2, -4, 3, 1]
Path length diff count: [528, 1, 183, 24, 39, 92, 6, 6, 121]

Cost improvement avg: 3.6079000000000003
Cost improvement val: [5.8, 1.9, 3.7, 8.7, 5.7, 13.8, 11.8, 7.7, 2.7, 12.8, 0.0, 1.8, 2.9, 8.9, 7.9, 3.8, 4.7, 8.8, 6.6, 0.9, 9.8, 6.7, 6.9, 0.8, 10.7, 4.8, 7.8, 2.8, 6.8, 9.7, 4.9, 11.9, 3.9, 10.8, 5.9]
Cost improvement count: [26, 85, 4, 1, 6, 2, 3, 2, 2, 2, 237, 6, 158, 19, 17, 33, 1, 12, 1, 32, 7, 12, 1, 10, 1, 37, 34, 15, 31, 7, 75, 6, 22, 15, 78]

==================================
A matrices:
(T = 1)
10×10 Matrix{Float64}:
 -1.0       -0.547522   -0.549272   -0.220881   -0.730388  -0.356982  -0.573124   -0.922386  -0.0343954  -0.884804
 -0.139632  -1.0        -0.229129   -0.719535   -0.462766  -0.293846  -0.802153    0.181968  -0.0730978  -0.659358
 -1.02539   -0.83717    -1.0        -0.395252   -0.172689  -0.635138  -0.222363    0.53301    0.119732   -0.348269
 -0.579164  -0.550486    0.0571502  -1.0        -0.408017  -0.192096  -0.489725   -0.308632  -0.748042   -0.484586
 -0.539224  -0.272552   -0.227655   -0.563167   -1.0       -0.501687  -0.601496   -0.086519  -0.505426   -0.254004
 -0.325354  -0.0121315  -0.43073    -0.301541   -0.566877  -1.0       -0.582736   -0.308663  -0.6129     -0.656479
 -0.324642  -0.109597   -0.126563   -0.332968   -0.536713  -0.898566  -1.0         0.123257  -0.221868   -0.342307
 -0.469524   0.0989293  -0.570974    0.172269    0.146528  -0.346526  -0.807348   -1.0       -0.459957   -0.289944
 -0.274291  -0.0750667  -0.412197    0.0968416  -1.21823   -0.729703  -0.0809206  -0.163958  -1.0         0.231226
 -0.32116   -0.415743    0.0212706  -0.366902   -0.65028   -1.01863    0.0553196  -0.909789  -0.385506   -1.0

==================================
r vectors:
(T = 1)
10-element Vector{Float64}:
 1.5994582152439292
 2.0522442668631524
 2.139795407745678
 2.848431568836678
 1.7384745648695192
 1.6987474434392675
 1.916518972787802
 2.3059351097837215
 2.02573485552582
 1.6014424343785663
