==================================
Setup:
N: 10
T: 1
add: 1.0
del: 3.0
nat: 0.1
temp: 5.0
Source: Generated
A parameters: Normal{Float64}(μ=-0.34957337852079434, σ=0.317489533866379)
r parameters: Normal{Float64}(μ=2.0900457675864015, σ=0.34374938386010706)
portion: 1.0
scaling: 1.0

==================================
Statistics:
Proportion of candidate states: 0.2314453125
Candidate states: 237
Total states: 1024
Total candidate pairs evaluated: 1000
Total natural transitions: 769

Path length diff avg: -0.452
Path length diff val: [0, -5, -1, 2, -3, -2, -4, 3, 1]
Path length diff count: [560, 2, 192, 10, 33, 112, 8, 1, 82]

Cost improvement avg: 3.3565999999999985
Cost improvement val: [9.6, 3.8, 8.8, 6.9, 7.8, 8.6, 6.8, 4.9, 10.9, 8.7, 12.8, 9.8, 2.9, 7.9, 6.6, 4.6, 14.6, 5.6, 1.9, 13.8, 2.7, 0.0, 8.9, 0.9, 0.8, 4.8, 2.8, 3.9, 2.6, 5.9, 5.8, 11.7, 3.7, 5.7, 7.7, 13.7, 1.8, 10.7, 4.7, 6.7, 9.7, 11.9, 10.8]
Cost improvement count: [1, 40, 13, 6, 26, 1, 36, 62, 2, 3, 1, 8, 185, 10, 1, 1, 1, 1, 87, 2, 4, 258, 6, 29, 5, 40, 12, 8, 1, 60, 34, 1, 5, 6, 2, 2, 7, 1, 3, 12, 13, 1, 3]

==================================
A matrices:
(T = 1)
10×10 Matrix{Float64}:
 -1.0         -0.945421    -1.06578    -0.834927   -0.500709   -0.678939  -0.543445    -1.09523   -0.241902  -0.871541
  0.537806    -1.0          0.287459   -0.592785   -0.269252   -0.25351   -0.728282    -0.158484  -0.288076   0.0181398
 -0.281734    -0.821295    -1.0        -0.518659   -0.0141582   0.194575  -0.5578      -0.400205  -0.676886   0.123646
 -0.75589     -0.596379    -0.695402   -1.0        -0.762656   -0.560406  -0.212823    -0.391767  -0.222693  -1.07185
 -1.07692     -0.645375    -0.0561721  -0.939188   -1.0         0.182585  -0.215531    -0.115438  -0.684671  -0.327436
 -0.280939    -0.152175    -0.799462    0.0891172  -0.616828   -1.0       -0.00270905  -0.304939  -0.321816  -0.488931
 -0.897126    -0.0584545   -0.162713   -0.639906   -0.879618   -0.287083  -1.0         -0.325891   0.150529  -0.298197
 -0.237025     0.00595107  -0.334424   -0.523579   -0.260462    0.366544  -0.398302    -1.0       -0.565733  -0.224471
 -0.765107    -0.412586     0.76544     0.0528884  -0.542407   -0.49037   -0.800399    -0.368663  -1.0       -0.215029
 -0.00432069  -0.700886     0.424651   -0.989689   -0.133798   -0.358169  -0.493391     0.154502  -0.588721  -1.0

==================================
r vectors:
(T = 1)
10-element Vector{Float64}:
 1.971601256692208
 2.4928129878202694
 2.503339368715714
 2.318662479099621
 2.083951597425818
 2.6368340375321693
 2.2897147308199406
 2.415654708754464
 2.177309752321818
 1.829207279341395
