==================================
Setup:
N: 10
T: 1
add: 1.0
del: 3.0
nat: 0.1
temp: 5.0
Source: Generated
A parameters: Normal{Float64}(μ=-0.34957337852079434, σ=0.317489533866379)
r parameters: Normal{Float64}(μ=2.0900457675864015, σ=0.34374938386010706)
portion: 1.0
scaling: 1.0

==================================
Statistics:
Proportion of candidate states: 0.1943359375
Candidate states: 199
Total states: 1024
Total candidate pairs evaluated: 1000
Total natural transitions: 825

Path length diff avg: -0.403
Path length diff val: [0, -5, -1, 2, -3, -2, -4, 3, 1]
Path length diff count: [541, 3, 174, 23, 44, 105, 6, 1, 103]

Cost improvement avg: 3.424
Cost improvement val: [1.7, 5.8, 11.7, 1.9, 3.7, 8.7, 5.7, 13.8, 11.8, 7.7, 2.7, 0.0, 1.8, 2.9, 8.9, 7.9, 3.8, 4.7, 8.8, 9.8, 0.9, 10.7, 6.7, 0.8, 4.8, 7.8, 2.8, 4.6, 8.6, 6.8, 9.7, 4.9, 14.8, 3.9, 13.6, 10.8, 5.9]
Cost improvement count: [1, 39, 1, 98, 2, 5, 7, 1, 5, 3, 3, 237, 6, 170, 17, 10, 40, 3, 13, 10, 27, 3, 7, 17, 30, 33, 17, 1, 2, 21, 4, 68, 1, 16, 1, 4, 77]

==================================
A matrices:
(T = 1)
10×10 Matrix{Float64}:
 -1.0         -0.596977  -0.178772  -0.468803   -1.13073    -0.599952   -0.0626016  -0.492438   -0.896321  -1.11104
 -0.296607    -1.0        0.224745  -0.226963   -0.241662   -0.0892529  -0.189393   -0.263557   -0.733193  -0.817662
 -0.41014     -0.175659  -1.0       -0.375549   -0.22528    -0.05472    -0.259248   -0.649463    0.15565    0.0646175
 -0.211426    -0.713223  -0.798082  -1.0         0.0942832  -0.728978   -0.748091   -0.801107   -0.32433   -0.107518
 -0.00820504  -0.253068  -0.544814  -0.99496    -1.0        -0.669162   -0.0536692  -0.0530201  -0.565902  -0.121629
 -0.29679     -0.801778   0.411291  -0.333241   -0.260575   -1.0        -0.656242   -0.171497   -0.61255    0.0965121
 -0.0882819   -0.135458  -0.56226   -0.835105   -0.504105   -0.761933   -1.0        -0.390362   -0.35563   -0.29561
 -0.505269    -0.49765   -0.31185   -0.197342   -0.685623   -0.329398   -0.483476   -1.0        -0.373574  -0.122935
 -0.109704    -0.408154   0.538238  -0.0520613  -0.720233   -0.778405   -0.303715   -0.386106   -1.0        0.0989688
 -0.656119    -0.12414   -0.712978  -0.711687   -0.172      -0.853888   -0.780744   -0.171318    0.457362  -1.0

==================================
r vectors:
(T = 1)
10-element Vector{Float64}:
 2.603401126822874
 2.56778485762147
 2.3395385297529216
 1.6014834174194439
 2.386747688495173
 2.652190490488705
 2.108804535854562
 2.458075731874845
 2.001903795007925
 2.192712613078208
