==================================
Setup:
N: 10
T: 1
add: 1.0
del: 3.0
nat: 0.1
temp: 5.0
Source: Generated
A parameters: Normal{Float64}(μ=-0.34957337852079434, σ=0.317489533866379)
r parameters: Normal{Float64}(μ=2.0900457675864015, σ=0.34374938386010706)
portion: 1.0
scaling: 1.0

==================================
Statistics:
Proportion of candidate states: 0.2041015625
Candidate states: 209
Total states: 1024
Total candidate pairs evaluated: 1000
Total natural transitions: 811

Path length diff avg: -0.41
Path length diff val: [0, -5, -1, 2, -3, -2, -4, 3, 1]
Path length diff count: [555, 1, 162, 17, 41, 114, 8, 2, 100]

Cost improvement avg: 3.2083000000000004
Cost improvement val: [1.7, 5.8, 11.7, 1.9, 3.7, 5.7, 11.8, 7.7, 2.7, 0.0, 1.8, 2.9, 8.9, 7.9, 3.8, 4.7, 8.8, 9.8, 0.9, 10.7, 6.7, 6.9, 0.8, 4.8, 7.8, 2.8, 12.7, 6.8, 9.7, 4.9, 11.9, 3.9, 10.8, 5.9, 14.7]
Cost improvement count: [1, 24, 1, 79, 2, 4, 3, 4, 1, 252, 14, 202, 13, 12, 48, 5, 11, 9, 40, 4, 6, 2, 18, 32, 25, 11, 2, 31, 2, 43, 2, 19, 7, 70, 1]

==================================
A matrices:
(T = 1)
10×10 Matrix{Float64}:
 -1.0        -0.542642  -0.933781    0.117976   -0.980092   -0.408563   -0.133733   -0.366595    -0.398777   -0.292909
 -0.0618254  -1.0       -1.16185    -0.118116   -0.587585   -0.0768433  -0.0267803  -0.555999    -0.410482   -0.287341
 -0.175468   -0.392928  -1.0        -0.0320412  -0.563672   -0.067894   -0.125556    0.20755      0.0313729  -0.264959
  0.0775479  -0.298865  -0.243514   -1.0        -0.288449   -0.525908   -0.300283   -0.499276    -0.479527   -0.563249
 -0.138079   -0.281113  -0.664601   -0.568141   -1.0        -0.481803   -0.0570454  -1.10026     -0.46763    -0.584319
 -0.840811   -0.658337   0.0733381  -0.728096   -0.19896    -1.0         0.0796531  -1.27713     -0.839744   -0.0139008
 -0.586631   -0.350693  -0.0824505  -0.734809    0.418247   -0.214273   -1.0        -0.151844    -0.338765   -0.60206
 -0.543956   -0.364867  -0.556079   -0.402677   -0.137283   -0.704188   -0.108731   -1.0         -0.0898813  -0.586848
 -0.586693   -0.627965  -0.653403   -0.406095   -0.664544   -0.640865   -0.354924   -0.00988905  -1.0        -0.428633
  0.41826    -0.101222  -0.489599    0.166714   -0.0256782  -0.222129   -0.376116   -0.147054    -0.0206343  -1.0

==================================
r vectors:
(T = 1)
10-element Vector{Float64}:
 2.2628485921445023
 2.5696550362076995
 2.3617640848441925
 2.0217548141274886
 2.4985296545127174
 2.0551754730806655
 1.7953474647238632
 1.1614467580100152
 2.950952771706476
 2.1569529141655996
