==================================
Setup:
N: 10
T: 1
add: 1.0
del: 3.0
nat: 0.1
temp: 5.0
Source: Generated
A parameters: Normal{Float64}(μ=-0.34957337852079434, σ=0.317489533866379)
r parameters: Normal{Float64}(μ=2.0900457675864015, σ=0.34374938386010706)
portion: 1.0
scaling: 1.0

==================================
Statistics:
Proportion of candidate states: 0.162109375
Candidate states: 166
Total states: 1024
Total candidate pairs evaluated: 1000
Total natural transitions: 858

Path length diff avg: -0.374
Path length diff val: [0, -5, -1, 2, -3, -6, -4, -2, 3, 1]
Path length diff count: [529, 1, 166, 27, 39, 1, 8, 111, 1, 117]

Cost improvement avg: 2.9995000000000007
Cost improvement val: [5.8, 1.9, 3.7, 8.7, 5.7, 13.8, 11.8, 7.7, 13.7, 2.7, 0.7, 0.0, 1.8, 2.9, 8.9, 7.9, 3.8, 4.7, 8.8, 6.6, 0.9, 9.8, 6.7, 10.7, 0.8, 4.8, 7.8, 2.8, 6.8, 4.9, 3.9, 1.6, 2.6, 10.8, 5.9, 17.7]
Cost improvement count: [38, 109, 2, 1, 5, 1, 5, 5, 1, 5, 2, 267, 12, 177, 21, 8, 38, 1, 10, 2, 50, 1, 2, 1, 14, 26, 16, 13, 18, 37, 11, 1, 1, 6, 92, 1]

==================================
A matrices:
(T = 1)
10×10 Matrix{Float64}:
 -1.0          -0.0124932  -0.621279   -0.557227   -0.438637  -0.4122    -0.497872    -0.627698  -0.667621   -0.559559
 -0.893004     -1.0        -0.705793   -0.335178   -1.12816   -0.430624  -0.513829    -0.41764   -0.302582   -0.167325
 -0.432611     -0.517215   -1.0        -0.939086   -0.731082  -1.10513   -0.402989    -0.883732   0.260459   -0.0599711
 -0.69135      -0.236848   -0.253494   -1.0        -0.94377   -0.184562  -0.442324    -0.36932   -0.155005   -1.0671
 -0.378137     -0.038373    0.0706996   0.0834258  -1.0       -0.526967   0.00782603  -0.396097   0.0369476  -0.149272
 -0.603788     -0.347831   -0.396064   -0.237341   -0.746346  -1.0       -0.651625    -0.482033  -0.670022   -0.4325
 -0.156163     -0.887545   -0.360558   -0.199765   -0.504296  -0.195049  -1.0         -0.465737  -0.207571   -0.365704
  0.000624251  -0.58513    -0.472546    0.0726796  -0.495383  -0.465497   0.0482479   -1.0       -0.121867   -1.00392
 -0.66286      -0.681002   -0.706072   -0.581081   -0.661037   0.118562  -0.0019686   -0.694798  -1.0        -0.21007
 -0.451909     -0.692499   -0.0126317  -0.497464   -0.950655  -0.692934  -0.391481    -0.745837  -0.0229843  -1.0

==================================
r vectors:
(T = 1)
10-element Vector{Float64}:
 2.0692071365639664
 1.8754225937256888
 1.8844002738527321
 1.9984123942872754
 2.65528726133805
 1.6410348680454327
 2.234941211868838
 1.9436017864519344
 2.1250984263241506
 2.7310953462252043
