==================================
Setup:
N: 10
T: 1
add: 1.0
del: 3.0
nat: 0.1
temp: 5.0
Source: Generated
A parameters: Normal{Float64}(μ=-0.34957337852079434, σ=0.317489533866379)
r parameters: Normal{Float64}(μ=2.0900457675864015, σ=0.34374938386010706)
portion: 1.0
scaling: 1.0

==================================
Statistics:
Proportion of candidate states: 0.2978515625
Candidate states: 305
Total states: 1024
Total candidate pairs evaluated: 1000
Total natural transitions: 708

Path length diff avg: -0.509
Path length diff val: [0, -5, -1, 2, -3, -2, -4, 3, 1]
Path length diff count: [491, 2, 202, 16, 52, 121, 11, 4, 101]

Cost improvement avg: 3.4604999999999992
Cost improvement val: [1.7, 3.8, 8.8, 7.8, 6.8, 4.9, 14.8, 10.9, 8.7, 9.8, 2.9, 7.9, 6.6, 4.6, 5.6, 1.9, 13.8, 11.8, 2.7, 0.0, 8.9, 0.9, 0.8, 4.8, 2.8, 12.7, 7.6, 3.9, 5.9, 5.8, 11.7, 3.7, 5.7, 7.7, 13.7, 1.8, 10.7, 4.7, 6.7, 9.7, 11.9, 10.8, 14.7]
Cost improvement count: [1, 53, 23, 33, 26, 49, 2, 1, 1, 5, 149, 8, 1, 1, 1, 90, 1, 4, 5, 236, 10, 36, 9, 50, 24, 1, 1, 27, 60, 23, 1, 5, 6, 9, 1, 14, 4, 4, 7, 5, 2, 10, 1]

==================================
A matrices:
(T = 1)
10×10 Matrix{Float64}:
 -1.0       -0.00592867  -0.683251  -0.170932    0.228051   -0.253575   -0.873611  -0.383996   -0.461672  -0.305906
 -0.49066   -1.0         -0.190168  -0.315644   -0.466175    0.0394328  -0.480694  -0.467521   -0.809578   0.650384
 -0.340952  -0.185067    -1.0       -0.168776   -0.109371   -0.494977   -0.340909   0.0344071   0.408565  -0.578614
 -0.444656   0.123924    -0.573856  -1.0        -0.321946   -0.466643   -0.25509   -0.414344   -0.309631  -0.532794
  0.214879  -0.232876    -1.72667   -0.774732   -1.0        -0.536228   -0.326915  -0.34561    -0.248927  -0.203724
 -0.713068  -0.630934    -0.168659  -0.425226   -0.0561375  -1.0        -0.633574  -0.304941   -0.261853  -0.271088
 -0.498351  -0.132231    -0.801062  -0.0259376   0.162249   -0.273559   -1.0       -0.664648   -0.865691  -0.357721
 -0.299999  -0.854566    -0.467807  -0.126768   -0.193371   -0.411524   -0.409034  -1.0        -0.647161  -0.550252
 -1.18838   -0.219195    -0.232416  -0.395676   -0.421352   -0.141895   -0.535445   0.0858876  -1.0       -0.673546
 -0.031033  -0.621455    -0.35199   -0.14546    -0.778705   -0.609298   -0.828793  -0.368327   -0.981553  -1.0

==================================
r vectors:
(T = 1)
10-element Vector{Float64}:
 2.3262244357165076
 2.057526831215229
 1.9921639129877597
 1.9735962924410402
 2.057263252710173
 2.3543792722447776
 2.5858848672322567
 1.9955036396935668
 1.959545613514975
 1.8416193527584097
