==================================
Setup:
N: 10
T: 1
add: 1.0
del: 3.0
nat: 0.1
temp: 5.0
Source: Generated
A parameters: Normal{Float64}(μ=-0.34957337852079434, σ=0.317489533866379)
r parameters: Normal{Float64}(μ=2.0900457675864015, σ=0.34374938386010706)
portion: 1.0
scaling: 1.0

==================================
Statistics:
Proportion of candidate states: 0.2548828125
Candidate states: 261
Total states: 1024
Total candidate pairs evaluated: 1000
Total natural transitions: 763

Path length diff avg: -0.444
Path length diff val: [0, -1, 2, -3, -2, -4, 3, 1]
Path length diff count: [500, 202, 22, 41, 124, 6, 2, 103]

Cost improvement avg: 3.5277000000000003
Cost improvement val: [5.8, 1.9, 3.7, 8.7, 5.7, 13.8, 11.8, 7.7, 2.7, 12.8, 0.0, 1.8, 2.9, 8.9, 7.9, 3.8, 4.7, 8.8, 6.6, 0.9, 9.8, 6.7, 6.9, 0.8, 10.7, 4.8, 7.8, 2.8, 8.6, 6.8, 9.7, 4.9, 11.9, 14.8, 3.9, 10.6, 10.9, 10.8, 5.9]
Cost improvement count: [26, 85, 3, 2, 6, 3, 4, 5, 3, 1, 233, 7, 132, 13, 8, 53, 2, 15, 1, 49, 10, 4, 7, 9, 3, 29, 23, 17, 1, 40, 6, 76, 1, 1, 34, 1, 2, 11, 74]

==================================
A matrices:
(T = 1)
10×10 Matrix{Float64}:
 -1.0       -0.319331    -0.483531   -0.437939    0.0939093  -0.398432   -0.389641   0.0350549  -0.464876   0.263761
 -0.239755  -1.0          0.120651   -0.264165   -0.842337    0.0653097  -0.255629   0.144521   -0.341275  -0.207726
 -0.755511  -0.482413    -1.0        -0.0320693  -0.0547758  -0.727048   -0.501775  -0.384932   -0.242169  -0.0533281
 -0.276355   0.0612863    0.242136   -1.0        -0.228648    0.459201   -0.114612  -0.780109   -0.627432  -0.395518
 -0.721363  -0.311392    -0.320456    0.358467   -1.0        -0.473655   -0.167407  -0.299515   -0.445674  -1.08508
  0.181062  -0.164133    -0.689975   -0.0822762   0.084585   -1.0        -0.936823  -0.4495     -0.288735   0.0760508
 -0.54474    0.00974835  -0.726075   -0.609096   -1.24647     0.336851   -1.0       -0.181087   -0.26233   -0.363776
 -0.60691   -0.737249    -0.761483   -0.675643   -0.618722   -0.0401104  -0.372626  -1.0        -0.440265   0.124458
 -0.701604  -0.0801521   -0.0668205  -0.189285   -0.420329   -0.770212   -0.076745  -0.517246   -1.0       -0.489053
 -0.419342  -0.241799    -0.457753   -0.610028    0.0699721  -0.491776   -0.933     -0.189267   -0.652877  -1.0

==================================
r vectors:
(T = 1)
10-element Vector{Float64}:
 2.138697722354852
 2.64328993642467
 2.2660675434106827
 1.9100815991081896
 2.241955805902901
 2.4214505992025557
 2.06935205259016
 2.0744378322123103
 1.6834879318549967
 1.7551700034919273
