==================================
Setup:
N: 10
T: 1
add: 1.0
del: 3.0
nat: 0.1
temp: 5.0
Source: Generated
A parameters: Normal{Float64}(μ=-0.34957337852079434, σ=0.317489533866379)
r parameters: Normal{Float64}(μ=2.0900457675864015, σ=0.34374938386010706)
portion: 1.0
scaling: 1.0

==================================
Statistics:
Proportion of candidate states: 0.2607421875
Candidate states: 267
Total states: 1024
Total candidate pairs evaluated: 1000
Total natural transitions: 757

Path length diff avg: -0.283
Path length diff val: [0, -5, -1, 2, -3, -2, -4, 3, 1]
Path length diff count: [608, 2, 160, 19, 29, 70, 10, 7, 95]

Cost improvement avg: 2.8282000000000003
Cost improvement val: [1.7, 5.8, 11.7, 1.9, 3.7, 8.7, 5.7, 7.7, 2.7, 0.7, 0.0, 1.8, 2.9, 8.9, 7.9, 3.8, 4.7, 8.8, 9.8, 0.9, 10.7, 6.7, 0.8, 4.8, 7.8, 2.8, 7.6, 6.8, 9.7, 4.9, 11.9, 3.9, 10.9, 5.9]
Cost improvement count: [2, 27, 1, 104, 4, 1, 5, 4, 7, 1, 293, 11, 210, 18, 11, 16, 2, 14, 1, 37, 1, 2, 11, 27, 13, 8, 1, 6, 2, 65, 7, 18, 1, 69]

==================================
A matrices:
(T = 1)
10×10 Matrix{Float64}:
 -1.0         0.0516057   0.0815221   -0.276993   -0.317019  -0.583409   -0.276896    0.200624   -0.499032   -0.192345
 -0.12688    -1.0         0.00370066  -0.363675    0.324545  -0.168394   -0.21999    -1.13155    -0.932785   -0.0235529
 -0.0947015  -0.383836   -1.0         -0.555951    0.200359  -0.132848    0.243725   -0.868012   -0.450388   -0.113236
  0.574059   -0.635195   -0.196763    -1.0        -0.54941    0.358133   -0.882475   -0.0424152  -0.300448    0.074517
 -0.927506   -0.183604   -0.0787043   -0.538509   -1.0       -0.823089   -0.601776   -0.24601    -0.0114044  -0.391767
 -0.276645   -0.281846    0.00488619  -0.755814   -0.355418  -1.0        -0.259936   -0.545815   -0.158971   -0.269334
 -0.841251   -0.485906   -0.832729    -0.449227   -0.923809  -0.0127947  -1.0        -0.766894   -0.12692    -0.250282
 -0.525746   -0.0662415  -0.668403    -0.372311   -0.23042   -0.467016    0.0215755  -1.0        -0.634706    0.217353
 -0.0928825  -0.470982   -0.237499    -0.0616033  -0.240443   0.0533031  -0.205472   -0.0772145  -1.0        -0.201128
 -0.328508   -0.377051   -0.347021    -1.05589    -0.377249  -0.292023   -0.63157    -0.0996247  -0.0283208  -1.0

==================================
r vectors:
(T = 1)
10-element Vector{Float64}:
 2.300291634233896
 1.8112400312671677
 1.6979770657498403
 2.0102485819103832
 1.8680344168175667
 2.183116505563057
 1.9899493579954357
 2.6048899436230464
 2.2201883589492546
 2.2260883764500643
