==================================
Setup:
N: 10
T: 1
add: 1.0
del: 3.0
nat: 0.1
temp: 5.0
Source: Generated
A parameters: Normal{Float64}(μ=-0.34957337852079434, σ=0.317489533866379)
r parameters: Normal{Float64}(μ=2.0900457675864015, σ=0.34374938386010706)
portion: 1.0
scaling: 1.0

==================================
Statistics:
Proportion of candidate states: 0.25390625
Candidate states: 260
Total states: 1024
Total candidate pairs evaluated: 1000
Total natural transitions: 759

Path length diff avg: -0.326
Path length diff val: [0, -5, -1, 2, -3, -2, -4, 3, 1]
Path length diff count: [529, 1, 178, 41, 32, 103, 9, 3, 104]

Cost improvement avg: 3.6115999999999993
Cost improvement val: [5.8, 1.9, 3.7, 8.7, 5.7, 13.8, 11.8, 7.7, 12.6, 12.8, 0.7, 0.0, 1.8, 2.9, 8.9, 7.9, 3.8, 4.7, 8.8, 9.8, 0.9, 6.7, 6.9, 0.8, 4.8, 7.8, 2.8, 6.8, 9.7, 4.9, 11.9, 3.9, 10.9, 10.8, 5.9]
Cost improvement count: [36, 81, 3, 2, 7, 4, 7, 1, 1, 3, 1, 235, 11, 140, 25, 32, 17, 2, 13, 9, 49, 8, 18, 8, 22, 24, 13, 17, 1, 85, 3, 52, 9, 2, 59]

==================================
A matrices:
(T = 1)
10×10 Matrix{Float64}:
 -1.0       -0.125148    0.275856  -0.430144  -0.894287   -0.318244   -0.531315  -0.0274027    -0.465903     0.374186
 -0.193202  -1.0        -0.808223  -0.25862   -0.601272   -0.0917711  -0.365252  -0.742131     -0.619766    -0.290868
 -0.271134  -0.370855   -1.0       -0.880271  -0.386292   -0.86018    -0.642862  -0.130463     -0.438765    -0.474764
 -0.588668  -0.740805   -0.345437  -1.0        0.146491   -0.397653   -0.414086  -0.478628      0.00372559  -0.833485
 -0.541569   0.0965756  -0.359116  -0.485776  -1.0        -0.197547   -0.126738  -0.482572     -0.40903     -0.29208
 -0.685362  -0.287231   -0.275183  -0.193648  -0.5107     -1.0        -0.565683   0.000764034  -0.908452    -0.808735
 -0.136194  -0.158644   -0.428838  -0.585201  -0.284997   -0.44312    -1.0       -0.905925     -0.609353    -0.328889
 -0.597043  -1.19296    -0.142544  -0.324229  -0.506221   -0.0289539  -0.218521  -1.0          -0.78783     -0.283883
 -1.13484   -0.453651   -0.3611    -0.683453  -0.32401    -0.266955   -0.716907  -0.619264     -1.0          0.252043
 -0.94512   -0.671691    0.110344  -0.342907  -0.0230075  -0.564725   -0.843622  -0.316887     -1.03186     -1.0

==================================
r vectors:
(T = 1)
10-element Vector{Float64}:
 1.3340302232929195
 2.5047329837916155
 2.297308560358774
 1.7535837279363733
 1.8622246632825588
 1.396531602814245
 1.6088586905284288
 1.760089978113498
 2.163811139475079
 1.8767951059040895
