==================================
Setup:
N: 10
T: 1
add: 1.0
del: 3.0
nat: 0.1
temp: 5.0
Source: Generated
A parameters: Normal{Float64}(μ=-0.34957337852079434, σ=0.317489533866379)
r parameters: Normal{Float64}(μ=2.0900457675864015, σ=0.34374938386010706)
portion: 1.0
scaling: 1.0

==================================
Statistics:
Proportion of candidate states: 0.15625
Candidate states: 160
Total states: 1024
Total candidate pairs evaluated: 1000
Total natural transitions: 864

Path length diff avg: -0.28
Path length diff val: [0, -5, -1, 2, -3, -2, -4, 1]
Path length diff count: [632, 2, 110, 17, 30, 96, 5, 108]

Cost improvement avg: 2.6672
Cost improvement val: [1.7, 5.8, 1.9, 3.7, 8.7, 5.7, 11.8, 2.7, 0.0, 1.8, 2.9, 8.9, 7.9, 3.8, 4.7, 8.8, 10.7, 0.9, 6.7, 0.8, 4.8, 7.8, 2.8, 4.6, 7.6, 6.8, 4.9, 3.9, 10.8, 5.9]
Cost improvement count: [1, 20, 65, 2, 2, 1, 5, 2, 320, 6, 250, 12, 4, 49, 2, 10, 2, 33, 5, 16, 27, 11, 8, 1, 2, 12, 29, 9, 1, 93]

==================================
A matrices:
(T = 1)
10×10 Matrix{Float64}:
 -1.0        -0.380293   0.0680861  -0.30197     -0.447586  -0.923008  -0.382041   0.181075  -0.52421    -0.669181
 -0.141292   -1.0       -0.195201    0.0741565   -0.699669  -0.925975  -0.207737  -0.816076  -0.499063   -0.0791252
 -0.0610454  -0.713921  -1.0        -0.349368    -0.72538   -0.45793    0.476318  -0.542455  -1.0382     -0.311682
 -0.308757   -0.498308  -0.293774   -1.0         -0.342789  -0.281451  -0.270838  -0.210776   0.165688   -0.10925
 -0.0474945  -0.459257  -0.377367   -0.466978    -1.0       -0.58139    0.166662  -0.515442  -0.410984    0.0363172
 -0.622271   -0.274732  -0.265819    0.00903984  -0.411833  -1.0       -0.243121  -0.30256   -0.393205   -0.612873
 -0.507663   -0.578866  -0.332273    0.374139    -0.834063  -0.838534  -1.0       -0.457671  -0.660538   -0.347588
 -0.489212   -0.640027  -0.599788   -0.680647    -0.228803  -1.06269   -0.805819  -1.0       -1.10986    -0.284284
 -0.216033   -0.504921  -0.593258   -0.659924    -0.428457  -0.87      -0.387939  -0.183577  -1.0         9.11076e-5
  0.274168   -0.190952  -0.697757   -0.1811      -0.431275  -0.254641  -0.110637   0.177715  -0.0895027  -1.0

==================================
r vectors:
(T = 1)
10-element Vector{Float64}:
 1.6292701590789145
 2.204157686023119
 1.925229992600513
 2.0325802966161852
 2.4391575156946885
 1.7171960649790259
 0.9907958882987364
 2.045796671507808
 1.7024058643782214
 2.5505784699268164
