==================================
Setup:
N: 10
T: 1
add: 1.0
del: 3.0
nat: 0.1
temp: 5.0
Source: Generated
A parameters: Normal{Float64}(μ=-0.34957337852079434, σ=0.317489533866379)
r parameters: Normal{Float64}(μ=2.0900457675864015, σ=0.34374938386010706)
portion: 1.0
scaling: 1.0

==================================
Statistics:
Proportion of candidate states: 0.208984375
Candidate states: 214
Total states: 1024
Total candidate pairs evaluated: 1000
Total natural transitions: 810

Path length diff avg: -0.376
Path length diff val: [0, -5, -1, 2, -3, -6, -4, -2, 3, 1]
Path length diff count: [632, 3, 135, 13, 40, 1, 11, 83, 1, 81]

Cost improvement avg: 2.8057000000000003
Cost improvement val: [1.7, 5.8, 11.7, 1.9, 3.7, 8.7, 5.7, 7.7, 2.7, 0.7, 0.0, 1.8, 2.9, 8.9, 7.9, 3.8, 4.7, 8.8, 9.8, 0.9, 6.7, 6.9, 0.8, 4.8, 7.8, 2.8, 6.8, 11.9, 4.9, 3.9, 10.9, 3.6, 10.8, 5.9]
Cost improvement count: [1, 38, 1, 69, 8, 6, 2, 5, 1, 2, 286, 24, 273, 12, 4, 18, 7, 20, 2, 18, 5, 3, 25, 40, 8, 4, 16, 1, 34, 7, 1, 2, 2, 55]

==================================
A matrices:
(T = 1)
10×10 Matrix{Float64}:
 -1.0        -0.0755002   0.175473   0.0981372  -0.378771    -0.762946   -0.117426   -0.700434  -0.225805   -0.737301
 -0.533814   -1.0        -0.320018  -0.449347   -0.258009    -0.479226   -0.414055   -0.668837  -0.303952   -0.0480992
 -0.144748   -0.188919   -1.0       -0.140477   -0.427019     0.0242396  -0.412565    0.171275  -0.179501   -0.204708
 -0.140835   -0.262835   -0.351168  -1.0        -0.640767    -1.1047     -0.842388   -0.724453  -0.462815   -0.370824
 -0.174297   -0.596377   -0.744194  -0.733174   -1.0         -0.469587   -0.586014   -0.508872  -0.292744   -0.89819
  0.0145368  -0.247223   -0.604921   0.302547   -0.816667    -1.0        -0.569623   -0.164024  -0.334383   -1.01283
 -0.183933    0.126854   -0.447816  -0.255743   -0.470539    -0.193165   -1.0        -0.189054  -0.777047   -0.0648033
 -0.910468    0.176845   -0.282968  -0.378461   -0.0809065   -0.679898   -0.480062   -1.0       -0.293917   -0.863924
  0.142376   -0.097207   -0.365865  -0.389259   -0.815007    -0.196058   -1.08497    -0.249833  -1.0        -0.0983216
 -0.494924    0.134804   -0.29888   -0.103858   -0.00571596  -0.325999   -0.0494849  -0.122529   0.0688852  -1.0

==================================
r vectors:
(T = 1)
10-element Vector{Float64}:
 2.580064777629829
 2.0943855404841463
 1.4203333413784167
 2.2126406393232894
 1.6757861608304156
 2.1061847681978847
 2.0524618141782343
 2.1063913583017264
 2.675221831451702
 2.0273046627841187
