==================================
Setup:
N: 10
T: 1
add: 1.0
del: 3.0
nat: 0.1
temp: 5.0
Source: Generated
A parameters: Normal{Float64}(μ=-0.34957337852079434, σ=0.317489533866379)
r parameters: Normal{Float64}(μ=2.0900457675864015, σ=0.34374938386010706)
portion: 1.0
scaling: 1.0

==================================
Statistics:
Proportion of candidate states: 0.4111328125
Candidate states: 421
Total states: 1024
Total candidate pairs evaluated: 1000
Total natural transitions: 603

Path length diff avg: -0.488
Path length diff val: [0, -5, -1, 2, -3, -6, -4, -2, 3, 1]
Path length diff count: [567, 5, 160, 14, 54, 1, 21, 89, 5, 84]

Cost improvement avg: 2.9623999999999993
Cost improvement val: [1.7, 3.8, 8.8, 6.9, 7.8, 6.8, 4.9, 14.8, 10.9, 8.7, 12.8, 0.7, 9.8, 2.9, 7.9, 1.9, 13.8, 11.8, 2.7, 0.0, 8.9, 0.9, 0.8, 4.8, 2.8, 12.7, 3.9, 5.9, 5.8, 11.7, 3.7, 5.7, 7.7, 1.8, 10.7, 4.7, 6.7, 9.7, 11.9, 10.8, 14.7]
Cost improvement count: [1, 23, 12, 4, 6, 29, 29, 1, 1, 7, 3, 1, 8, 174, 13, 60, 1, 1, 1, 337, 12, 29, 10, 31, 16, 1, 36, 58, 27, 1, 9, 8, 2, 16, 1, 10, 2, 5, 4, 9, 1]

==================================
A matrices:
(T = 1)
10×10 Matrix{Float64}:
 -1.0       -0.392236  -0.336071   0.502821    -0.565709  -0.484848    0.107841  -0.675101  -0.415411   -0.509596
 -0.235017  -1.0        0.054114  -0.0571817   -0.870369  -0.490724   -0.684692  -0.513741  -0.271589   -0.911161
 -0.406592  -0.441219  -1.0       -0.865927    -0.167482  -0.0577383  -0.104185  -0.631838  -0.0934402  -0.376926
 -0.178927  -0.361043  -0.303489  -1.0         -0.558519  -0.579727   -0.256123  -1.12885   -0.450544    0.308037
  0.139623  -0.289226  -0.488248  -0.537342    -1.0       -0.500453   -0.462253  -0.275312  -0.293526    0.0651013
 -0.28061   -0.223979  -0.606345   0.0210963   -0.408134  -1.0        -0.17447   -0.760925  -0.0854014  -0.157431
 -0.41765   -0.279089  -0.013447   0.0606556   -0.515473  -0.592504   -1.0       -0.707653  -0.430695    0.185971
 -0.220942  -0.729228  -0.361771  -0.00323864  -0.118315  -0.728098   -0.379     -1.0       -0.687087    0.0784966
  0.284899  -0.344707  -0.877028  -0.541785    -0.467591  -0.740479   -0.420468   0.380827  -1.0        -0.345609
 -0.797449  -0.603401  -0.427284  -0.529498    -0.215966  -0.43393    -0.548908  -0.760694   0.0815601  -1.0

==================================
r vectors:
(T = 1)
10-element Vector{Float64}:
 2.1591301771552023
 2.3691099202072397
 2.348809057798181
 1.9192334504836221
 2.2242911929165965
 2.1721603398613465
 2.2714812351092126
 1.3940350005006876
 2.3409518073277398
 2.1256334527051832
