==================================
Setup:
N: 10
T: 1
add: 1.0
del: 3.0
nat: 0.1
temp: 5.0
Source: Generated
A parameters: Normal{Float64}(μ=-0.34957337852079434, σ=0.317489533866379)
r parameters: Normal{Float64}(μ=2.0900457675864015, σ=0.34374938386010706)
portion: 1.0
scaling: 1.0

==================================
Statistics:
Proportion of candidate states: 0.37890625
Candidate states: 388
Total states: 1024
Total candidate pairs evaluated: 1000
Total natural transitions: 636

Path length diff avg: -0.4
Path length diff val: [0, -5, -1, 2, -3, -2, -4, 1]
Path length diff count: [665, 1, 148, 1, 43, 74, 8, 60]

Cost improvement avg: 2.203
Cost improvement val: [1.7, 5.8, 1.9, 3.7, 8.7, 5.7, 7.7, 9.6, 2.7, 0.7, 0.0, 1.8, 2.9, 8.9, 7.9, 3.8, 4.7, 8.8, 6.6, 0.9, 10.7, 6.7, 0.8, 4.8, 7.8, 12.7, 6.8, 9.7, 4.9, 3.9, 5.6, 5.9]
Cost improvement count: [1, 37, 82, 7, 1, 3, 7, 1, 3, 2, 394, 16, 220, 1, 6, 27, 6, 7, 1, 12, 1, 8, 32, 44, 6, 1, 4, 1, 11, 10, 1, 47]

==================================
A matrices:
(T = 1)
10×10 Matrix{Float64}:
 -1.0       -0.0571106  -0.223378   0.0113864  -0.485283   -0.49005    -0.186816  -0.414622  -0.474382   -0.316436
 -0.126004  -1.0        -0.453273  -0.0630582  -0.62114     0.090984   -0.281609   0.193995  -0.152767    0.0884785
 -0.44947   -0.0957612  -1.0        0.198338   -0.424995   -0.553928   -0.371444  -0.826176   0.133501   -0.508947
 -0.462844  -0.0544599  -0.81471   -1.0        -0.335404    0.122125   -0.567386  -0.307097  -0.0364874  -0.111509
 -0.701481   0.0333015  -0.465906  -0.20787    -1.0        -0.11799    -0.232415  -0.595442  -0.635327   -0.426374
 -0.544644  -0.480306    0.101985   0.0301058   0.11357    -1.0        -0.179946  -0.370307  -0.266599   -0.138304
 -0.563335   0.0848101   0.217749  -0.474531   -0.216405   -0.194262   -1.0       -0.318745  -0.604617   -0.104447
 -0.762679   0.331775   -0.220769  -0.746101    0.0978101  -0.0342658  -0.282157  -1.0       -0.319614   -0.204374
 -0.582973   0.104016   -0.313945  -0.710259   -0.307431   -1.29898    -0.528411  -0.704631  -1.0        -0.0655711
 -0.332843  -0.179089   -0.648392  -0.543859   -0.0160205  -0.856054   -0.262101  -0.173175  -0.497979   -1.0

==================================
r vectors:
(T = 1)
10-element Vector{Float64}:
 2.0366813942234137
 2.0945474104836714
 2.38369663221402
 2.514535901442045
 1.9743470956765814
 2.3510494351356046
 2.209638622549118
 2.6523696317673835
 2.1785563542586925
 1.8683656955001833
