==================================
Setup:
N: 10
T: 1
add: 1.0
del: 3.0
nat: 0.1
temp: 5.0
Source: Generated
A parameters: Normal{Float64}(μ=-0.34957337852079434, σ=0.317489533866379)
r parameters: Normal{Float64}(μ=2.0900457675864015, σ=0.34374938386010706)
portion: 1.0
scaling: 1.0

==================================
Statistics:
Proportion of candidate states: 0.3515625
Candidate states: 360
Total states: 1024
Total candidate pairs evaluated: 1000
Total natural transitions: 664

Path length diff avg: -0.151
Path length diff val: [0, -1, 2, -3, -2, -4, 1]
Path length diff count: [721, 103, 19, 12, 60, 3, 82]

Cost improvement avg: 2.3294
Cost improvement val: [5.8, 1.9, 3.7, 8.7, 5.7, 11.8, 13.7, 2.7, 0.7, 0.0, 1.8, 2.9, 8.9, 7.9, 3.8, 4.7, 8.8, 9.8, 0.9, 6.7, 6.9, 0.8, 4.8, 7.8, 2.8, 6.8, 4.9, 3.9, 5.9]
Cost improvement count: [37, 79, 2, 1, 1, 4, 1, 1, 1, 381, 17, 264, 15, 2, 15, 1, 7, 1, 25, 1, 1, 7, 18, 6, 2, 5, 32, 1, 72]

==================================
A matrices:
(T = 1)
10×10 Matrix{Float64}:
 -1.0       -0.446158   -0.418089    -0.419435   -0.739531   -0.428714   -0.147427   -0.379941   -0.25088    -0.622816
 -0.227736  -1.0        -0.51336     -0.150431   -0.792452   -0.768528   -0.602822   -0.0615296  -0.604211   -0.33704
 -0.540518  -0.0679761  -1.0         -0.210532   -0.146782   -0.209681   -0.400508   -0.304967   -0.12858    -0.646514
 -0.416728   0.139435   -0.549673    -1.0        -0.154627   -0.502291   -0.815107   -0.218806    0.0831623  -0.416588
  0.15166   -0.39227    -0.468721     0.140159   -1.0        -0.0796689   0.208851   -0.564996   -0.608248   -0.732349
  0.295744  -0.377345   -0.350553    -0.157372   -0.16755    -1.0        -0.627106   -0.324058   -0.396817   -0.349202
 -0.223825  -0.481077    0.00985758  -0.548693   -0.927646   -0.823963   -1.0        -0.56475    -0.427569   -0.155895
 -0.626012  -0.474994   -0.37244     -0.341336   -0.458478   -0.782644   -0.0568559  -1.0        -0.636097   -0.53709
 -0.57362    0.0663728  -0.29221      0.0223664  -0.0292909   0.784701   -0.124438    0.0456507  -1.0         0.217491
  0.170383   0.19967    -0.183081    -0.320081   -0.286569   -0.46113    -0.342089   -0.788121   -0.736966   -1.0

==================================
r vectors:
(T = 1)
10-element Vector{Float64}:
 2.105049240012984
 2.487183708083798
 1.938990167641392
 1.9137995391779572
 1.552050158023189
 2.1807119616312227
 1.726450009908782
 1.7178831168537978
 1.5432864688070438
 1.507168666159165
