==================================
Setup:
N: 10
T: 1
add: 1.0
del: 3.0
nat: 0.1
temp: 5.0
Source: Generated
A parameters: Normal{Float64}(μ=-0.34957337852079434, σ=0.317489533866379)
r parameters: Normal{Float64}(μ=2.0900457675864015, σ=0.34374938386010706)
portion: 1.0
scaling: 1.0

==================================
Statistics:
Proportion of candidate states: 0.2646484375
Candidate states: 271
Total states: 1024
Total candidate pairs evaluated: 1000
Total natural transitions: 748

Path length diff avg: -0.463
Path length diff val: [0, -5, -1, 2, -3, -2, -4, 3, 1]
Path length diff count: [510, 5, 166, 30, 46, 126, 13, 3, 101]

Cost improvement avg: 3.428699999999999
Cost improvement val: [1.7, 3.8, 8.8, 6.9, 7.8, 8.6, 6.8, 4.9, 8.7, 12.8, 0.7, 9.8, 2.9, 7.9, 5.6, 3.6, 1.9, 13.8, 11.8, 2.7, 0.0, 8.9, 0.9, 0.8, 4.8, 2.8, 7.6, 3.9, 2.6, 5.9, 5.8, 11.7, 3.7, 7.7, 1.8, 10.7, 4.7, 6.7, 9.7, 11.9, 10.8, 14.7]
Cost improvement count: [1, 35, 9, 1, 29, 2, 21, 70, 4, 2, 1, 8, 139, 15, 1, 1, 80, 4, 7, 2, 250, 19, 57, 14, 25, 20, 2, 28, 1, 72, 28, 2, 6, 8, 7, 3, 5, 4, 5, 3, 7, 2]

==================================
A matrices:
(T = 1)
10×10 Matrix{Float64}:
 -1.0       -0.750865   -0.659901  -0.203648  -1.01945      0.0078324   0.296652     -0.181609    -0.667938   -0.460813
 -0.203663  -1.0         0.43155   -0.405898  -0.740385    -0.763637   -0.000302903   0.040584    -0.699768   -0.901266
  0.126297   0.0802647  -1.0       -0.759971  -0.54714      0.0109906  -0.166321     -0.628419    -1.02506    -0.0873947
 -0.270153  -0.0676002  -0.421937  -1.0       -0.539696    -0.473723   -0.638161     -0.409133    -0.556542   -0.390187
  0.280723  -0.297862   -0.063798  -0.842385  -1.0         -0.440137   -0.228683     -1.07528      0.0780782  -0.644362
 -0.315156  -0.268909   -0.1813    -0.351893   0.00884147  -1.0        -0.0501221     0.00869255  -0.467539   -0.446574
  0.281323  -0.287416   -0.946493  -0.247036  -0.552172    -0.305646   -1.0           0.00595361  -0.295127   -0.514194
 -0.365746  -0.0713778  -0.683268  -0.632792   0.0706669   -0.354367   -0.364545     -1.0         -0.0576038  -0.0784627
  0.210492   0.154027   -0.760845  -0.733001  -0.392512    -0.0382562  -0.106634      0.0391198   -1.0        -0.749727
 -0.128221  -0.34914    -0.636285  -0.12642   -0.443491    -0.650853   -0.692085     -0.280465    -0.979168   -1.0

==================================
r vectors:
(T = 1)
10-element Vector{Float64}:
 2.189585914265613
 1.3928745550422237
 1.8648160860820675
 1.970410969290622
 2.2352572887342794
 1.8597758376989515
 2.150456870151853
 1.7476634578033083
 2.3011453867303677
 2.248487244800858
