==================================
Setup:
N: 10
T: 1
add: 1.0
del: 3.0
nat: 0.1
temp: 5.0
Source: Generated
A parameters: Normal{Float64}(μ=-0.34957337852079434, σ=0.317489533866379)
r parameters: Normal{Float64}(μ=2.0900457675864015, σ=0.34374938386010706)
portion: 1.0
scaling: 1.0

==================================
Statistics:
Proportion of candidate states: 0.318359375
Candidate states: 326
Total states: 1024
Total candidate pairs evaluated: 1000
Total natural transitions: 697

Path length diff avg: -0.407
Path length diff val: [0, -5, -1, 2, -3, -2, -4, 3, 1]
Path length diff count: [560, 3, 168, 16, 36, 109, 8, 1, 99]

Cost improvement avg: 3.4626999999999994
Cost improvement val: [1.7, 5.8, 11.7, 1.9, 3.7, 8.7, 5.7, 11.8, 7.7, 9.6, 12.6, 12.8, 0.0, 1.8, 2.9, 8.9, 7.9, 3.8, 4.7, 8.8, 9.8, 0.9, 10.7, 6.7, 6.9, 0.8, 11.6, 4.8, 7.8, 2.8, 12.7, 15.7, 6.8, 9.7, 4.9, 11.9, 14.6, 3.9, 10.9, 5.6, 10.8, 5.9]
Cost improvement count: [1, 23, 2, 58, 1, 3, 6, 4, 5, 1, 2, 5, 290, 3, 137, 11, 33, 38, 3, 16, 5, 40, 4, 4, 8, 11, 1, 28, 28, 11, 1, 1, 33, 4, 85, 1, 1, 35, 3, 1, 10, 43]

==================================
A matrices:
(T = 1)
10×10 Matrix{Float64}:
 -1.0        -0.189744   -0.300524    0.0618907  -0.668356    0.498089  -0.536024   0.0849678  -0.32867    -0.341368
 -0.488004   -1.0        -0.16249    -0.434235   -0.821574   -0.087866  -0.826322  -0.269229   -0.689475    0.0948059
  0.0904784  -0.135942   -1.0        -0.487526   -0.355484   -0.488377  -0.355262  -0.155609   -0.418279   -0.323374
 -0.561403    0.0063695  -0.355585   -1.0        -0.354098   -0.395283  -0.340626  -0.0560325  -0.557045   -0.440087
 -0.882468   -0.440398   -0.417638   -0.45471    -1.0        -0.685358  -0.208663  -0.665574   -0.227904   -0.388724
 -0.766464   -0.0973928  -0.20515    -0.902881   -0.544949   -1.0       -0.353263  -0.376088   -0.41187     0.475122
 -0.427921   -0.0777385  -0.444298   -0.349607   -0.0754043   0.119406  -1.0       -0.916253   -0.125054   -0.442484
 -0.299747    0.155521   -0.0174654   0.33622    -0.613243   -0.369751  -0.647423  -1.0        -0.829379   -0.187012
 -0.0726793  -0.300103    0.135419   -0.38669     0.070978   -0.824599  -0.141511  -0.397738   -1.0        -0.378498
 -0.264199   -0.598896   -0.0825727  -0.127867    0.0199006  -0.379502  -0.513463  -0.345375   -0.0940067  -1.0

==================================
r vectors:
(T = 1)
10-element Vector{Float64}:
 2.05296465655109
 2.0867843553120253
 2.0020485264385686
 2.677590996862974
 1.531647032684259
 1.8880015532817975
 1.7484347358029828
 2.199752341582162
 2.40971470498846
 2.4016015755742135
