==================================
Setup:
N: 10
T: 1
add: 1.0
del: 3.0
nat: 0.1
temp: 5.0
Source: Generated
A parameters: Normal{Float64}(μ=-0.34957337852079434, σ=0.317489533866379)
r parameters: Normal{Float64}(μ=2.0900457675864015, σ=0.34374938386010706)
portion: 1.0
scaling: 1.0

==================================
Statistics:
Proportion of candidate states: 0.390625
Candidate states: 400
Total states: 1024
Total candidate pairs evaluated: 1000
Total natural transitions: 624

Path length diff avg: -0.025
Path length diff val: [0, -1, 2, -3, -2, 1]
Path length diff count: [776, 70, 7, 8, 28, 111]

Cost improvement avg: 2.069
Cost improvement val: [5.8, 1.9, 3.7, 8.7, 7.7, 0.0, 1.8, 2.9, 8.9, 7.9, 3.8, 8.8, 0.9, 6.7, 0.8, 4.8, 7.8, 4.9, 3.9, 5.9]
Cost improvement count: [21, 55, 1, 2, 3, 434, 11, 308, 7, 1, 3, 6, 13, 1, 7, 11, 1, 10, 1, 104]

==================================
A matrices:
(T = 1)
10×10 Matrix{Float64}:
 -1.0        -0.444485  -0.329719  -0.294493   -0.328188  -0.898762   0.0831864  -0.227104  -0.673795  -0.340853
  0.0242078  -1.0       -0.377727  -0.54608    -0.238032  -0.480457  -1.21445    -0.323378  -0.731937  -0.326103
  0.247729   -0.274167  -1.0       -0.198939   -0.442577  -0.713962  -0.307802   -0.203493  -0.61413   -0.536477
 -0.274317   -0.102933  -0.409953  -1.0        -0.285008  -0.384787  -0.249651   -0.435155  -0.373781  -0.351111
 -0.130259   -0.251887  -0.461674  -0.197552   -1.0       -0.618314  -0.53944    -0.466246  -0.528306  -0.650636
 -0.301023   -0.184126  -0.373459  -0.52313    -0.367251  -1.0       -0.378753   -0.140399  -0.477959  -0.150654
 -0.877447   -0.141442  -0.640405  -0.382057   -0.411169  -0.307743  -1.0        -0.838355  -0.615084  -0.498764
 -0.269037   -0.082942  -0.185998  -0.634843   -0.354912  -0.605215  -0.0704202  -1.0       -0.407349  -0.186562
 -0.683309   -0.747483  -0.149168  -0.0735775  -0.170343  -0.443084  -0.158794   -0.622467  -1.0       -0.444692
 -0.576103   -0.366882  -0.237082  -0.365581   -0.671995  -0.382079  -0.35115    -0.259749  -0.629246  -1.0

==================================
r vectors:
(T = 1)
10-element Vector{Float64}:
 2.2903368301764466
 2.674617976317131
 2.609277420771691
 2.1927954611793132
 1.804320781303323
 2.4006118062915145
 1.9068437770912028
 2.2064531121587345
 1.9753902291618601
 2.0249665836997446
