==================================
Setup:
N: 10
T: 1
add: 1.0
del: 3.0
nat: 0.1
temp: 5.0
Source: Generated
A parameters: Normal{Float64}(μ=-0.34957337852079434, σ=0.317489533866379)
r parameters: Normal{Float64}(μ=2.0900457675864015, σ=0.34374938386010706)
portion: 1.0
scaling: 1.0

==================================
Statistics:
Proportion of candidate states: 0.373046875
Candidate states: 382
Total states: 1024
Total candidate pairs evaluated: 1000
Total natural transitions: 637

Path length diff avg: -0.424
Path length diff val: [0, -5, -1, 2, -3, -2, -4, 3, 1]
Path length diff count: [510, 2, 187, 24, 42, 115, 9, 3, 108]

Cost improvement avg: 3.591999999999998
Cost improvement val: [1.7, 3.8, 8.8, 6.9, 7.8, 8.6, 6.8, 4.9, 14.8, 10.9, 8.7, 12.8, 9.8, 2.9, 7.9, 6.6, 1.9, 13.8, 11.8, 2.7, 0.0, 8.9, 0.9, 0.8, 4.8, 2.8, 12.7, 3.9, 16.7, 5.9, 5.8, 15.8, 11.7, 3.7, 5.7, 7.7, 13.7, 1.8, 4.7, 6.7, 9.7, 11.9, 10.8]
Cost improvement count: [1, 45, 17, 10, 29, 1, 27, 62, 1, 2, 6, 1, 7, 142, 14, 1, 89, 2, 4, 3, 242, 14, 26, 14, 41, 14, 1, 18, 1, 65, 39, 1, 2, 6, 1, 11, 1, 14, 2, 6, 3, 2, 12]

==================================
A matrices:
(T = 1)
10×10 Matrix{Float64}:
 -1.0        -0.0270144  -1.05082    -0.352511   -0.392809  -0.183167    -0.311438   -0.190301   -0.196262   -0.375698
 -0.552325   -1.0        -0.671099   -0.445438   -0.321119  -0.303467    -0.414711   -0.0220715  -0.119308    0.109537
 -0.208645   -0.605349   -1.0         0.0162773  -0.469308   0.157269    -0.234352   -0.474896   -0.284137   -0.755726
  0.244383   -0.992307   -0.732872   -1.0         0.015131  -1.06412     -1.12159    -0.278583   -0.856305   -0.260902
 -0.386085   -0.739088    0.0194096  -0.75932    -1.0       -0.390696    -0.693636   -0.291116   -0.551558   -0.528011
 -0.0732221  -0.301722   -0.446355   -0.787155   -0.777181  -1.0         -0.203602   -0.48971    -0.474396   -0.41707
 -0.924555    0.012182   -0.15014    -0.12565    -0.30183    0.00722602  -1.0        -0.572487   -0.200205    0.152612
 -0.338489   -0.308585   -0.435569   -0.388994   -0.534334   0.380685    -0.722365   -1.0         0.0493816   0.037588
 -0.445481   -0.69729     0.0507059  -0.31504    -0.482669  -0.567087    -0.376976   -0.313013   -1.0        -0.652158
  0.136604   -0.281509   -0.515496   -0.339432   -0.548883  -0.449681    -0.0627678  -0.365597   -0.82211    -1.0

==================================
r vectors:
(T = 1)
10-element Vector{Float64}:
 2.6483311995795917
 2.0334321055824196
 1.9068438719807623
 3.036298951304004
 2.34387982749795
 2.1977869444171128
 2.4011115432156656
 2.7045370153518093
 2.3953176189482788
 1.7758384466010395
