==================================
Setup:
N: 10
T: 1
add: 1.0
del: 3.0
nat: 0.1
temp: 5.0
Source: Generated
A parameters: Normal{Float64}(μ=-0.34957337852079434, σ=0.317489533866379)
r parameters: Normal{Float64}(μ=2.0900457675864015, σ=0.34374938386010706)
portion: 1.0
scaling: 1.0

==================================
Statistics:
Proportion of candidate states: 0.2255859375
Candidate states: 231
Total states: 1024
Total candidate pairs evaluated: 1000
Total natural transitions: 758

Path length diff avg: -0.304
Path length diff val: [0, -1, 2, -3, -2, -4, 3, 1]
Path length diff count: [516, 226, 31, 27, 81, 4, 2, 113]

Cost improvement avg: 3.7220999999999993
Cost improvement val: [5.8, 11.7, 1.9, 3.7, 8.7, 5.7, 13.8, 11.8, 7.7, 13.7, 2.7, 0.7, 0.0, 1.8, 2.9, 8.9, 7.9, 3.8, 4.7, 8.8, 9.8, 0.9, 10.7, 6.7, 6.9, 0.8, 11.6, 4.8, 7.8, 2.8, 12.7, 7.6, 6.8, 9.7, 4.9, 11.9, 14.8, 3.9, 10.6, 10.9, 10.8, 5.9]
Cost improvement count: [25, 3, 115, 3, 2, 4, 2, 6, 4, 4, 3, 1, 219, 5, 159, 21, 9, 32, 1, 22, 8, 24, 2, 4, 6, 7, 1, 46, 40, 12, 1, 1, 34, 3, 67, 1, 1, 19, 1, 2, 9, 71]

==================================
A matrices:
(T = 1)
10×10 Matrix{Float64}:
 -1.0        -0.641718   -0.174822   -0.498142   -0.141187   -0.521709   -0.686314  -0.073726   -1.22797    -0.241333
 -0.0942507  -1.0        -0.700371   -0.399362   -0.0479074  -0.244004   -0.811447  -0.253692    0.166001   -0.00380046
 -0.471369   -0.0342665  -1.0        -0.324517   -0.12096    -0.369287   -0.574142  -0.252588   -0.375823   -0.304525
 -1.09914    -0.417284    0.124749   -1.0        -0.0687935  -0.914503   -0.667095  -0.0547289   0.497993   -0.483619
 -0.511213    0.301      -0.100137   -0.294717   -1.0        -0.314171   -0.515003  -1.10895    -0.0750946  -0.469365
 -0.794957   -0.587654   -0.672023   -0.534541   -0.639983   -1.0         0.153926  -0.392794   -0.19641    -0.172922
 -0.542816    0.63629    -0.06408    -1.0233     -0.386991    0.191131   -1.0       -0.555098   -0.242526   -0.0613912
 -0.745449   -0.378353   -0.329534   -0.0262619  -0.46985    -0.624736   -0.128745  -1.0        -0.923161   -0.690144
 -0.371808    0.264907    0.154745   -0.411665   -0.171668   -0.244984   -0.957789  -0.954307   -1.0        -0.496707
 -0.280962   -0.0651949  -0.0681513  -0.600415   -0.839953   -0.0260073  -0.13407   -0.466872   -0.130224   -1.0

==================================
r vectors:
(T = 1)
10-element Vector{Float64}:
 1.926376219812434
 2.4251764205574107
 2.7966188444547266
 1.7015938669370272
 2.2453604882551983
 2.2318271734583175
 1.519595404540016
 1.916661639530706
 2.261399850755304
 2.130241491713175
