==================================
Setup:
N: 10
T: 1
add: 1.0
del: 3.0
nat: 0.1
temp: 5.0
Source: Generated
A parameters: Normal{Float64}(μ=-0.34957337852079434, σ=0.317489533866379)
r parameters: Normal{Float64}(μ=2.0900457675864015, σ=0.34374938386010706)
portion: 1.0
scaling: 1.0

==================================
Statistics:
Proportion of candidate states: 0.314453125
Candidate states: 322
Total states: 1024
Total candidate pairs evaluated: 1000
Total natural transitions: 701

Path length diff avg: -0.505
Path length diff val: [0, -5, -1, 2, -3, -6, -4, -2, 1]
Path length diff count: [531, 6, 183, 15, 57, 1, 14, 94, 99]

Cost improvement avg: 3.423
Cost improvement val: [3.8, 8.8, 6.9, 7.8, 6.8, 4.9, 8.7, 12.8, 0.7, 9.8, 2.9, 7.9, 3.6, 1.9, 11.8, 2.7, 0.0, 8.9, 0.9, 0.8, 4.8, 2.8, 12.7, 3.9, 5.9, 5.8, 11.7, 3.7, 5.7, 7.7, 1.8, 10.7, 4.7, 6.7, 9.7, 10.8]
Cost improvement count: [31, 14, 2, 18, 34, 90, 4, 1, 1, 9, 142, 17, 1, 76, 3, 4, 254, 12, 35, 10, 33, 26, 3, 34, 58, 28, 3, 5, 11, 6, 8, 3, 4, 3, 5, 12]

==================================
A matrices:
(T = 1)
10×10 Matrix{Float64}:
 -1.0        -0.0885527  -0.0350717   -0.316996  -0.191909   -0.382738   -0.0373624   0.0413519  -0.443259   -0.275875
 -0.533914   -1.0        -0.00642032  -0.171956  -0.806076   -0.389617   -0.0116634  -0.745578   -0.776101   -0.303417
 -0.100868   -0.0827397  -1.0         -0.630928  -0.639906   -0.376362   -0.263289    0.135855   -0.130065   -0.476789
  0.117559    0.388848   -0.224335    -1.0        0.164187   -0.618717   -0.0762581  -0.402406   -0.652138   -1.11021
 -0.155293    0.0746277  -0.47909     -0.193196  -1.0        -0.37109    -0.220069   -0.786874   -0.336645   -0.170194
 -0.741174   -0.299436   -0.959137    -0.185086   0.145909   -1.0        -0.954063   -0.410583   -0.127758   -0.122751
  0.0269645  -0.311192   -0.756506    -0.243637  -0.648301    0.0802221  -1.0        -0.0238135   0.0701705  -0.293796
 -0.227252   -0.269819   -0.750257    -0.786397  -1.02032     0.212333   -0.253551   -1.0        -0.432355    0.532017
 -0.081857    0.422387   -0.816305    -0.351341   0.0393217  -0.515798   -0.547626   -0.201833   -1.0        -0.185482
  0.0515692  -0.628255   -0.101739    -0.584854  -0.30119    -0.205987   -0.0813022  -0.119491   -0.493848   -1.0

==================================
r vectors:
(T = 1)
10-element Vector{Float64}:
 2.2780154757103737
 1.9011215752032302
 2.5014758629703873
 1.8092778748063378
 1.918164069946332
 2.2412009592319992
 2.1294171505473507
 2.4931996588536283
 2.644798930085901
 2.735255158174102
