==================================
Setup:
N: 10
T: 1
add: 1.0
del: 3.0
nat: 0.1
temp: 5.0
Source: Generated
A parameters: Normal{Float64}(μ=-0.34957337852079434, σ=0.317489533866379)
r parameters: Normal{Float64}(μ=2.0900457675864015, σ=0.34374938386010706)
portion: 1.0
scaling: 1.0

==================================
Statistics:
Proportion of candidate states: 0.2021484375
Candidate states: 207
Total states: 1024
Total candidate pairs evaluated: 1000
Total natural transitions: 817

Path length diff avg: -0.297
Path length diff val: [0, -5, -1, 2, -3, -2, -4, 3, 1]
Path length diff count: [541, 1, 159, 31, 30, 110, 5, 6, 117]

Cost improvement avg: 3.2689000000000004
Cost improvement val: [1.7, 5.8, 1.9, 3.7, 8.7, 5.7, 13.8, 11.8, 2.7, 0.0, 1.8, 2.9, 8.9, 7.9, 3.8, 4.7, 8.8, 9.8, 0.9, 11.6, 6.7, 0.8, 4.8, 7.8, 2.8, 6.8, 9.7, 4.9, 11.9, 14.8, 3.9, 10.8, 5.9]
Cost improvement count: [1, 24, 81, 2, 1, 6, 3, 6, 3, 277, 5, 168, 22, 16, 44, 1, 13, 6, 47, 1, 4, 6, 22, 22, 11, 34, 2, 53, 5, 1, 22, 8, 83]

==================================
A matrices:
(T = 1)
10×10 Matrix{Float64}:
 -1.0       -0.185763    -0.0593785  -0.233139   -0.0471464  -0.078318   -0.425142   -0.40163    -0.965753   0.247208
 -0.525159  -1.0         -0.302691   -0.523407   -0.481951   -0.744076   -0.145627   -0.249431   -0.359582  -0.556235
 -0.272355  -0.804135    -1.0        -0.150565    0.0588912  -0.843501   -0.520694   -0.499342   -0.154933  -0.334643
 -0.436548  -0.377558    -0.538311   -1.0        -0.200438   -0.682455   -0.394065   -0.612816   -0.822361  -0.0565022
 -0.553844  -0.943593     0.106302    0.111698   -1.0        -0.0234754   0.230745   -0.642276   -0.72042   -0.469058
 -0.436516  -0.513243    -0.366873    0.117861   -0.639749   -1.0         0.0284366   0.0956395  -0.522893  -0.0470982
 -0.607065  -0.245875    -0.326238    0.0190818  -0.833589   -0.341016   -1.0        -0.363556   -0.531846  -0.437369
 -0.279208  -0.372482    -0.743026   -0.479351   -0.855314   -0.916928   -0.294255   -1.0        -0.535155  -0.560063
 -0.461407  -0.00159139  -0.339357   -0.397419   -0.169207   -0.301335   -0.162602   -1.19436    -1.0       -0.00780045
 -0.386362   0.124926    -0.159706   -0.433631   -0.391532   -0.0403318   0.0640925  -0.59495    -0.376633  -1.0

==================================
r vectors:
(T = 1)
10-element Vector{Float64}:
 1.3143079417472128
 1.9718717004015147
 2.5349135882112717
 2.126737177788737
 2.6435291901330347
 2.3544540605051307
 1.6084751160712174
 1.9648452092982815
 2.1205949461713822
 2.2132219227203622
