==================================
Setup:
N: 10
T: 1
add: 1.0
del: 3.0
nat: 0.1
temp: 5.0
Source: Generated
A parameters: Normal{Float64}(μ=-0.34957337852079434, σ=0.317489533866379)
r parameters: Normal{Float64}(μ=2.0900457675864015, σ=0.34374938386010706)
portion: 1.0
scaling: 1.0

==================================
Statistics:
Proportion of candidate states: 0.2412109375
Candidate states: 247
Total states: 1024
Total candidate pairs evaluated: 1000
Total natural transitions: 777

Path length diff avg: -0.438
Path length diff val: [0, 4, -5, -1, 2, -3, -2, -4, 1]
Path length diff count: [542, 1, 3, 179, 20, 42, 100, 15, 98]

Cost improvement avg: 3.099599999999999
Cost improvement val: [1.7, 3.8, 8.8, 6.9, 7.8, 6.8, 4.9, 8.7, 12.8, 0.7, 9.8, 2.9, 7.9, 1.9, 13.8, 11.8, 2.7, 0.0, 14.9, 8.9, 0.9, 0.8, 4.8, 2.8, 12.7, 3.9, 5.9, 5.8, 11.7, 3.7, 5.7, 1.8, 10.7, 4.7, 6.7, 15.7, 9.7, 10.8]
Cost improvement count: [1, 34, 21, 1, 21, 13, 36, 3, 2, 1, 12, 185, 6, 116, 1, 2, 3, 279, 1, 17, 24, 8, 32, 20, 2, 15, 68, 33, 1, 6, 3, 15, 2, 1, 5, 1, 2, 7]

==================================
A matrices:
(T = 1)
10×10 Matrix{Float64}:
 -1.0        -0.526572   -0.220089   -0.448673   0.113582  -0.14605    -0.767886   -0.286102   -0.507965     -0.395
  0.0252528  -1.0        -0.0827322   0.13618   -0.875047  -0.32354    -0.217489   -0.226007   -0.372468     -0.41535
 -0.40327     0.0817129  -1.0        -0.338352  -0.4569    -0.686054   -0.184944   -0.59608    -0.174546     -0.132572
 -0.187842    0.326514   -0.507787   -1.0       -0.399148  -0.6675      0.0800238  -0.77794     0.000929155  -0.0136159
 -0.638115   -0.0779857  -0.401245   -0.246605  -1.0        0.300166   -0.450358   -0.32807    -0.796634     -0.654485
 -0.598216    0.0605421  -0.343019   -0.320337  -0.643466  -1.0        -0.548311   -0.289703   -0.0285817     0.0433202
 -1.21737    -0.264031   -0.67316    -0.620306   0.398513  -0.0606657  -1.0        -0.0381949  -0.367586     -0.341705
  0.0625424  -1.09493    -0.423717   -0.454339  -0.631979  -0.100637   -0.425925   -1.0        -0.029354     -0.592901
 -0.349379   -0.240388   -0.596744   -0.762672  -0.213676  -0.466894   -0.893837   -0.30683    -1.0          -1.20863
 -0.563677   -0.655661   -0.157705   -0.149552  -0.809731  -0.809385   -0.877797   -0.143916   -0.38816      -1.0

==================================
r vectors:
(T = 1)
10-element Vector{Float64}:
 2.6555436968769452
 2.3887348546615494
 2.0299354145309416
 2.507916743742018
 1.8474635387981544
 1.9992889979113353
 2.2168838323480666
 2.1515659152722337
 1.9798655650186943
 1.8611570914730338
