==================================
Setup:
N: 10
T: 1
add: 1.0
del: 3.0
nat: 0.1
temp: 5.0
Source: Generated
A parameters: Normal{Float64}(μ=-0.34957337852079434, σ=0.317489533866379)
r parameters: Normal{Float64}(μ=2.0900457675864015, σ=0.34374938386010706)
portion: 1.0
scaling: 1.0

==================================
Statistics:
Proportion of candidate states: 0.357421875
Candidate states: 366
Total states: 1024
Total candidate pairs evaluated: 1000
Total natural transitions: 658

Path length diff avg: -0.406
Path length diff val: [0, -5, -1, 2, -3, -6, -4, -2, 1]
Path length diff count: [629, 4, 124, 9, 41, 2, 15, 87, 89]

Cost improvement avg: 2.5603000000000002
Cost improvement val: [1.7, 5.8, 1.9, 3.7, 8.7, 5.7, 13.8, 11.8, 7.7, 2.7, 0.7, 0.0, 1.8, 2.9, 8.9, 7.9, 3.8, 4.7, 8.8, 9.8, 0.9, 10.7, 6.7, 11.6, 0.8, 4.8, 7.8, 2.8, 4.6, 7.6, 6.8, 9.7, 4.9, 3.9, 3.6, 10.8, 5.9]
Cost improvement count: [3, 28, 79, 3, 4, 6, 1, 1, 3, 6, 4, 334, 11, 238, 7, 2, 30, 4, 9, 4, 26, 3, 6, 2, 18, 25, 8, 13, 1, 1, 10, 1, 23, 7, 1, 2, 76]

==================================
A matrices:
(T = 1)
10×10 Matrix{Float64}:
 -1.0        0.0610131  -0.494104   0.178561   -0.501772    -0.403293   -0.394516   -0.591842    -1.06359    -0.0352058
 -0.334764  -1.0        -0.808429  -0.526751   -1.00696     -0.0321602  -0.430471   -0.0901597   -0.0906789  -1.05206
 -0.053176  -0.411226   -1.0        0.130432   -0.763546    -0.713059   -0.333513   -0.314767    -0.832788   -0.447448
 -0.494814  -0.102937   -0.149445  -1.0        -0.713406    -0.395439   -0.457012    0.0229948   -0.637411   -0.294756
 -0.150354  -0.599256   -0.249679  -0.0871214  -1.0         -0.178701   -0.503786   -0.355902     0.113378   -0.391829
 -0.254461  -0.475786   -0.494131  -0.150051   -0.186058    -1.0        -0.476582   -0.411208     0.163411    0.250701
 -0.044472  -0.183811   -0.452909  -0.0129072  -0.508074    -0.161684   -1.0        -0.238932    -0.498509   -0.0709079
 -0.677385  -0.499079   -0.47299   -0.460154    0.00697215   0.317816   -0.0223521  -1.0         -0.215776   -0.0955569
 -0.160545  -1.53524    -0.575026   0.0495001  -0.538731    -0.600303   -0.311531    0.00238281  -1.0        -0.0753944
 -0.400134  -0.272349   -0.367213  -0.640735   -0.77446      0.0301447  -0.135715   -0.328347    -0.405365   -1.0

==================================
r vectors:
(T = 1)
10-element Vector{Float64}:
 2.3747358244237278
 2.675883626373145
 1.8299768782650863
 1.548676870244298
 1.954772396944252
 2.289205295922838
 2.0418504378957048
 2.3825142128221564
 2.3125601914801948
 1.5600879290957395
