==================================
Setup:
N: 10
T: 1
add: 1.0
del: 3.0
nat: 0.1
temp: 5.0
Source: Generated
A parameters: Normal{Float64}(μ=-0.34957337852079434, σ=0.317489533866379)
r parameters: Normal{Float64}(μ=2.0900457675864015, σ=0.34374938386010706)
portion: 1.0
scaling: 1.0

==================================
Statistics:
Proportion of candidate states: 0.2666015625
Candidate states: 273
Total states: 1024
Total candidate pairs evaluated: 1000
Total natural transitions: 733

Path length diff avg: -0.398
Path length diff val: [0, -5, -1, 2, -3, -2, -4, 3, 1]
Path length diff count: [526, 1, 176, 19, 35, 110, 13, 1, 119]

Cost improvement avg: 3.4735000000000005
Cost improvement val: [5.8, 11.7, 1.9, 3.7, 8.7, 5.7, 13.8, 11.8, 7.7, 12.8, 0.0, 1.8, 2.9, 8.9, 7.9, 3.8, 4.7, 8.8, 9.8, 0.9, 6.7, 0.8, 4.8, 7.8, 2.8, 12.7, 6.8, 9.7, 4.9, 11.9, 3.9, 5.6, 2.6, 10.8, 5.9]
Cost improvement count: [49, 2, 79, 4, 4, 1, 1, 7, 3, 4, 251, 11, 172, 16, 14, 31, 2, 14, 17, 41, 6, 5, 29, 23, 16, 1, 33, 3, 35, 1, 33, 1, 1, 8, 82]

==================================
A matrices:
(T = 1)
10×10 Matrix{Float64}:
 -1.0       -0.175164    -0.0985966  -0.255127   -0.319663     0.0878794   0.0100442  -0.584867   -0.273694    -0.383843
 -0.548374  -1.0         -0.132932   -0.246378   -0.366023    -0.227461   -0.307471   -0.405558   -0.572838    -0.371991
 -0.46767   -0.337059    -1.0        -0.143       0.102304    -0.35294    -0.0415868  -0.194829   -0.744266    -0.261071
 -0.31445   -0.161146    -0.901378   -1.0         0.345019    -0.452483    0.0599106  -0.898662   -0.562984    -0.678895
 -0.868714  -0.573141    -0.426582   -0.565042   -1.0         -0.863066   -0.926061   -0.169979   -0.394016    -0.0660211
 -0.2378     0.0139775   -0.675281   -0.741966   -0.639251    -1.0        -0.522508   -0.281636    0.00396347  -0.44941
 -0.292815  -0.387029    -0.189847   -0.0109342  -0.576813    -0.0587956  -1.0        -0.18812    -0.123985    -0.454603
 -0.705775  -0.141162    -0.591389   -0.50758     0.00611767  -0.324662   -0.829206   -1.0        -0.470756    -0.738474
  0.166497   0.00776322  -0.625237    0.153291   -0.34375      0.468406   -0.417056   -0.923364   -1.0         -0.208283
 -1.0204    -0.722383    -0.489109   -0.549465   -0.448209    -0.511809   -0.472448    0.0332894  -0.738145    -1.0

==================================
r vectors:
(T = 1)
10-element Vector{Float64}:
 1.4936588781683626
 2.544446833247825
 2.401773211324756
 2.3635779775482337
 2.60567826298151
 1.83332325884112
 1.3872431810015464
 2.0698680682890034
 1.9782382128776386
 1.88206263262158
