==================================
Setup:
N: 10
T: 1
add: 1.0
del: 3.0
nat: 0.1
temp: 5.0
Source: Generated
A parameters: Normal{Float64}(μ=-0.34957337852079434, σ=0.317489533866379)
r parameters: Normal{Float64}(μ=2.0900457675864015, σ=0.34374938386010706)
portion: 1.0
scaling: 1.0

==================================
Statistics:
Proportion of candidate states: 0.201171875
Candidate states: 206
Total states: 1024
Total candidate pairs evaluated: 1000
Total natural transitions: 818

Path length diff avg: -0.267
Path length diff val: [0, -5, -1, 2, -3, -2, -4, 3, 1]
Path length diff count: [566, 1, 176, 25, 21, 90, 4, 3, 114]

Cost improvement avg: 3.6117
Cost improvement val: [5.8, 1.9, 3.7, 8.7, 5.7, 11.8, 7.7, 9.6, 12.8, 0.7, 0.0, 1.8, 2.9, 8.9, 7.9, 3.8, 4.7, 8.8, 9.8, 0.9, 10.7, 6.7, 6.9, 0.8, 4.8, 7.8, 2.8, 6.8, 9.7, 4.9, 11.9, 3.9, 10.9, 2.6, 10.8, 5.9]
Cost improvement count: [42, 85, 4, 4, 3, 5, 7, 1, 1, 1, 236, 5, 178, 16, 15, 27, 2, 27, 12, 32, 3, 8, 8, 7, 38, 28, 5, 23, 1, 73, 3, 20, 4, 1, 7, 68]

==================================
A matrices:
(T = 1)
10×10 Matrix{Float64}:
 -1.0       -0.38652     0.00965388   0.152936   -0.874817  -0.394262   -0.113988  -0.473401    -0.281481    -0.496113
 -0.209557  -1.0        -0.529456    -0.59264     0.463666  -0.284717   -0.895621  -0.617005     0.145247    -0.661344
 -0.830769  -0.205057   -1.0         -0.472489    0.179299   0.177254   -0.891204  -0.0609852   -0.0202149   -0.971979
  0.405127  -0.425123   -0.262686    -1.0        -0.233833  -0.83751    -0.82976   -0.684102    -0.36886     -0.200913
 -0.276698  -0.343067   -0.314506    -1.15441    -1.0       -0.400471   -0.214082  -0.72585     -0.187298    -0.194237
 -0.376547   0.060853   -0.129497    -0.167147   -0.637309  -1.0        -0.381894  -0.629225    -0.948358    -0.00414289
 -0.759616  -0.501232   -0.239332    -0.468373   -0.504358  -0.684336   -1.0       -0.427268    -0.428334    -0.634237
 -0.82929   -0.967021    0.282653    -0.249162   -0.28993   -0.58884    -0.357043  -1.0          0.00513476  -0.368367
 -0.24807    0.0740118  -0.0557216   -0.0556351   0.132943  -0.0790347  -0.529298   0.00619544  -1.0         -0.446755
 -1.22346   -0.40875    -0.324011    -0.169852   -0.197055  -1.20529    -0.616153   0.0453828   -0.602433    -1.0

==================================
r vectors:
(T = 1)
10-element Vector{Float64}:
 2.1884311984882605
 1.879862670890563
 2.7448415164167193
 2.5340732142202906
 1.7771648627885017
 2.654317998985712
 2.0097838664121896
 1.7978767004537646
 1.9314738006580572
 2.022716524472603
