==================================
Setup:
N: 10
T: 1
add: 1.0
del: 3.0
nat: 0.1
temp: 5.0
Source: Generated
A parameters: Normal{Float64}(μ=-0.34957337852079434, σ=0.317489533866379)
r parameters: Normal{Float64}(μ=2.0900457675864015, σ=0.34374938386010706)
portion: 1.0
scaling: 1.0

==================================
Statistics:
Proportion of candidate states: 0.21875
Candidate states: 224
Total states: 1024
Total candidate pairs evaluated: 1000
Total natural transitions: 799

Path length diff avg: -0.352
Path length diff val: [0, -5, -1, 2, -3, -2, -4, 3, 1]
Path length diff count: [533, 3, 164, 27, 40, 107, 5, 3, 118]

Cost improvement avg: 3.3815999999999997
Cost improvement val: [1.7, 5.8, 11.7, 1.9, 3.7, 8.7, 5.7, 13.8, 11.8, 7.7, 0.0, 1.8, 2.9, 8.9, 7.9, 3.8, 4.7, 8.8, 6.6, 0.9, 9.8, 6.7, 6.9, 0.8, 10.7, 4.8, 11.6, 7.8, 2.8, 12.7, 6.8, 9.7, 4.9, 11.9, 14.8, 3.9, 10.6, 11.5, 10.8, 5.9]
Cost improvement count: [2, 32, 2, 85, 3, 2, 4, 2, 5, 2, 262, 7, 153, 22, 21, 24, 3, 17, 2, 50, 10, 7, 3, 7, 2, 19, 1, 12, 18, 1, 29, 2, 74, 2, 1, 26, 1, 1, 7, 77]

==================================
A matrices:
(T = 1)
10×10 Matrix{Float64}:
 -1.0        -0.0723074  -0.679705    0.085151   -0.343151  -0.441136   -0.900912    -0.359918   -0.429006   -0.310743
 -0.0934181  -1.0        -0.274141   -0.651012   -1.03075   -0.786103   -0.227931    -0.176618   -0.0353007  -0.81027
 -0.261045   -0.518845   -1.0        -0.0318654  -0.386858  -0.908542    0.65291     -0.270591   -0.642569   -0.00772032
 -0.878912   -0.957554   -0.204759   -1.0        -0.484909  -0.0692822  -0.00841428  -0.507472   -0.338556   -0.249119
 -0.417874   -0.0190231  -0.564198   -0.268816   -1.0       -0.346243   -0.0637354    0.0198522  -0.632077   -0.345689
 -0.752316   -0.389209    0.0360649  -0.754217   -0.454402  -1.0         0.17014     -0.472247    0.433714   -0.192936
 -0.465089   -0.254665   -0.051026   -0.721693   -1.27239   -0.587684   -1.0         -0.368052   -0.805781   -0.847814
 -0.493508   -0.0106386  -0.516627   -0.226417   -0.505633  -0.281021   -0.174811    -1.0        -0.713823    0.226663
 -0.749377    0.103121   -0.290498   -1.05993    -0.534719  -0.227593   -0.453765    -0.256603   -1.0        -0.305005
  0.141208   -0.371949   -0.127153   -0.45775    -1.08285   -0.88439    -0.232647    -0.342842    0.0825586  -1.0

==================================
r vectors:
(T = 1)
10-element Vector{Float64}:
 2.518767547220466
 1.8671605227474628
 1.88449372957842
 2.307839532481053
 2.498100963705369
 1.78744406015115
 1.6268538384086855
 2.016900587084675
 2.187665888441678
 2.3116820327304866
