==================================
Setup:
N: 10
T: 1
add: 1.0
del: 3.0
nat: 0.1
temp: 5.0
Source: Generated
A parameters: Normal{Float64}(μ=-0.34957337852079434, σ=0.317489533866379)
r parameters: Normal{Float64}(μ=2.0900457675864015, σ=0.34374938386010706)
portion: 1.0
scaling: 1.0

==================================
Statistics:
Proportion of candidate states: 0.2607421875
Candidate states: 267
Total states: 1024
Total candidate pairs evaluated: 1000
Total natural transitions: 757

Path length diff avg: -0.412
Path length diff val: [0, -5, -1, 2, -3, -2, -4, 1]
Path length diff count: [524, 1, 167, 28, 38, 123, 11, 108]

Cost improvement avg: 3.333799999999999
Cost improvement val: [1.7, 3.8, 8.8, 6.9, 7.8, 6.8, 4.9, 10.9, 12.8, 0.7, 9.8, 2.9, 7.9, 5.6, 1.9, 13.8, 11.8, 2.7, 0.0, 8.9, 0.9, 0.8, 4.8, 2.8, 7.6, 3.9, 5.9, 5.8, 11.7, 3.7, 5.7, 7.7, 13.7, 1.8, 10.7, 4.7, 6.7, 9.7, 10.8]
Cost improvement count: [1, 43, 10, 6, 26, 21, 58, 2, 2, 1, 6, 163, 21, 1, 77, 2, 3, 3, 259, 22, 44, 12, 27, 16, 1, 36, 64, 26, 2, 3, 2, 1, 1, 9, 1, 3, 7, 4, 14]

==================================
A matrices:
(T = 1)
10×10 Matrix{Float64}:
 -1.0         0.0354099  -0.258221  -0.84312   -0.40612     0.475861  -0.13818   -0.465927  -0.0510399  -1.17534
 -0.217455   -1.0         0.170525  -0.5425    -0.289051   -0.727511  -0.599402  -0.439687   0.115379   -0.119149
 -0.417623    0.0716524  -1.0       -0.244776  -0.0896617  -0.14285   -0.23755   -0.821349  -0.348449   -0.574795
 -0.55425    -0.551575   -0.271183  -1.0       -0.265608   -0.291033  -0.620419  -0.455561  -0.619034   -0.155846
 -0.774162   -0.519751   -0.598166  -0.759686  -1.0        -0.805054  -0.335116  -0.522576  -0.5638      0.115374
 -0.216466   -0.550532   -0.168521  -0.42757   -0.08987    -1.0        0.136299  -0.747971  -0.0277438  -1.01442
 -0.388948   -0.690529   -0.629082  -0.610949  -0.648146   -0.319124  -1.0       -0.698561  -0.444203    0.0805131
 -0.0579654  -0.60417    -0.369276  -0.131838  -0.723643   -0.315233  -0.346523  -1.0       -0.0196019  -0.417214
 -0.433972   -0.247728    0.209733  -0.498803  -0.452623   -1.13891    0.316972  -0.734187  -1.0        -0.214401
 -0.264901    0.124804   -0.418882  -0.455184  -0.308719   -0.102766  -0.414148  -0.879123  -0.440677   -1.0

==================================
r vectors:
(T = 1)
10-element Vector{Float64}:
 2.3190767760026234
 2.4676923396270616
 1.7165663799820075
 1.595586761521968
 2.2309739439320815
 1.9100875303707203
 2.0132257135522256
 2.43541183075444
 1.913146680939065
 2.039426020160237
