==================================
Setup:
N: 10
T: 1
add: 1.0
del: 3.0
nat: 0.1
temp: 5.0
Source: Generated
A parameters: Normal{Float64}(μ=-0.34957337852079434, σ=0.317489533866379)
r parameters: Normal{Float64}(μ=2.0900457675864015, σ=0.34374938386010706)
portion: 1.0
scaling: 1.0

==================================
Statistics:
Proportion of candidate states: 0.1943359375
Candidate states: 199
Total states: 1024
Total candidate pairs evaluated: 1000
Total natural transitions: 822

Path length diff avg: -0.303
Path length diff val: [0, 4, -1, 2, -3, -2, -4, 3, 1]
Path length diff count: [494, 3, 181, 38, 41, 108, 2, 2, 131]

Cost improvement avg: 3.5829000000000004
Cost improvement val: [5.8, 1.9, 3.7, 8.7, 5.7, 13.8, 11.8, 7.7, 2.7, 0.0, 1.8, 2.9, 8.9, 7.9, 3.8, 4.7, 8.8, 6.6, 0.9, 9.8, 6.7, 6.9, 0.8, 10.7, 4.8, 14.9, 7.8, 2.8, 6.8, 9.7, 4.9, 11.9, 3.9, 10.9, 10.8, 5.9]
Cost improvement count: [36, 106, 3, 3, 6, 2, 7, 3, 1, 238, 3, 137, 23, 16, 41, 1, 15, 1, 33, 8, 3, 14, 14, 1, 27, 3, 18, 14, 26, 3, 66, 2, 17, 7, 7, 95]

==================================
A matrices:
(T = 1)
10×10 Matrix{Float64}:
 -1.0        -0.564287  -0.228329   -0.358333   -0.447333   -0.16114    -0.00291316  -0.873479    0.101472   -0.897955
 -0.89441    -1.0        0.188183   -0.150147   -0.0170198  -0.577721   -1.07808     -0.150575   -0.358742   -0.539736
  0.429734   -0.221211  -1.0        -0.398469   -0.469988    0.0948979  -0.533462    -0.804946   -0.052607   -0.79285
 -0.0559478   0.539413  -0.230383   -1.0        -0.541327    0.257287   -0.375756     0.205767   -0.5376     -0.0192597
  0.0783713  -0.664207  -0.642733   -0.157757   -1.0        -0.951382   -0.788248    -0.0882443  -0.562321   -0.0535404
 -0.572783   -0.100921   0.202072   -0.0162196  -0.536166   -1.0        -0.157913    -0.186448   -0.0868684  -0.54235
 -0.308197   -0.458799   0.120732    0.0619093  -0.486481   -0.343215   -1.0         -0.54158    -0.25059    -0.570732
 -0.702308   -0.654337  -0.621716   -0.728115   -0.136638   -0.336964   -1.09525     -1.0        -0.0844505  -0.23594
 -0.714148   -0.610566  -0.0629565  -0.530735   -0.996132   -0.0891285  -0.619838     0.472926   -1.0        -0.128716
  0.207492   -0.538253   0.0957274  -0.333136   -0.196539   -0.315288   -0.551554    -0.11847    -0.587869   -1.0

==================================
r vectors:
(T = 1)
10-element Vector{Float64}:
 1.4330673832720673
 2.0556416779188194
 1.9598088201980106
 2.7904694497297147
 1.6153739212860936
 1.8026876273732055
 2.034941949036668
 1.9540738457997076
 2.0058323564613607
 2.3293833143488127
