==================================
Setup:
N: 10
T: 1
add: 1.0
del: 3.0
nat: 0.1
temp: 5.0
Source: Generated
A parameters: Normal{Float64}(μ=-0.34957337852079434, σ=0.317489533866379)
r parameters: Normal{Float64}(μ=2.0900457675864015, σ=0.34374938386010706)
portion: 1.0
scaling: 1.0

==================================
Statistics:
Proportion of candidate states: 0.4404296875
Candidate states: 451
Total states: 1024
Total candidate pairs evaluated: 1000
Total natural transitions: 573

Path length diff avg: -0.475
Path length diff val: [-3, -6, 1, 0, -5, -1, -2, 3, -8, 2, -4]
Path length diff count: [38, 3, 68, 649, 9, 101, 94, 1, 1, 12, 24]

Cost improvement avg: 2.7222999999999997
Cost improvement val: [5.8, 10.5, 1.9, 3.7, 8.7, 5.7, 7.7, 2.7, 0.7, 0.0, 1.8, 2.9, 8.9, 7.9, 3.8, 4.7, 8.8, 9.8, 0.9, 6.7, 6.9, 0.8, 4.8, 7.8, 9.5, 2.8, 4.6, 6.8, 9.7, 4.9, 14.8, 3.9, 10.9, 5.6, 3.6, 10.8, 2.5, 4.5, 5.9]
Cost improvement count: [48, 1, 41, 9, 8, 4, 3, 1, 3, 330, 36, 247, 8, 5, 13, 10, 13, 3, 21, 2, 7, 16, 36, 10, 1, 4, 1, 13, 1, 26, 1, 15, 4, 1, 2, 4, 1, 1, 50]

==================================
A matrices:
(T = 1)
10×10 Matrix{Float64}:
 -1.0        -0.334707   -0.28895     -0.160463   0.162668    -0.11204   -0.686425   -0.477367   -0.642853   -0.516689
 -0.682299   -1.0        -0.396668    -0.160599  -0.0222601   -0.179675  -0.625395    0.205553    0.0402369  -0.402188
 -0.0637674  -0.502807   -1.0         -0.709635  -0.76425     -0.781057  -0.490203    0.0168067   0.0572703  -0.784596
 -0.760244   -0.619246   -0.185239    -1.0       -0.396111    -0.508732   0.462606    0.0507765  -0.555076   -0.179451
 -0.0514545  -0.0189067  -0.417869    -0.881395  -1.0          0.493618  -0.0775245  -0.350067   -0.403977   -0.319945
 -0.546982   -0.623701   -0.296288    -0.622514  -0.930319    -1.0       -0.580981   -0.344294   -0.229616   -0.353615
 -0.157004   -0.852818   -0.800319    -0.356534  -0.00158797  -0.65651   -1.0         0.0595929   0.324302   -0.522409
 -0.171312   -0.630991   -0.497537    -0.719735  -0.485375    -0.305918  -0.308103   -1.0        -0.414813   -0.295756
 -0.231078    0.246323   -0.271294    -0.145335   0.121288     0.103879  -0.408787    0.415144   -1.0        -0.294147
 -0.319161   -0.125226   -0.00236314  -0.152107  -0.897758    -0.254216  -0.182961   -0.51552    -0.345108   -1.0

==================================
r vectors:
(T = 1)
10-element Vector{Float64}:
 2.5119648699761155
 1.9260951301376679
 2.0654449847118608
 1.8724302157783197
 1.6138283546329877
 2.352830610125463
 2.326561475916214
 2.3904909218619466
 1.5898539614376206
 2.0052178771119995
