==================================
Setup:
N: 10
T: 1
add: 1.0
del: 3.0
nat: 0.1
temp: 5.0
Source: Generated
A parameters: Normal{Float64}(μ=-0.34957337852079434, σ=0.317489533866379)
r parameters: Normal{Float64}(μ=2.0900457675864015, σ=0.34374938386010706)
portion: 1.0
scaling: 1.0

==================================
Statistics:
Proportion of candidate states: 0.3701171875
Candidate states: 379
Total states: 1024
Total candidate pairs evaluated: 1000
Total natural transitions: 618

Path length diff avg: -0.408
Path length diff val: [0, 4, -5, -1, 2, -3, -2, -4, 3, 1]
Path length diff count: [520, 2, 5, 190, 22, 36, 99, 15, 5, 106]

Cost improvement avg: 3.4125000000000005
Cost improvement val: [5.8, 1.9, 3.7, 8.7, 5.7, 11.8, 7.7, 12.6, 2.7, 12.8, 0.0, 1.8, 2.9, 8.9, 7.9, 3.8, 4.7, 8.8, 9.8, 0.9, 10.7, 6.7, 6.9, 0.8, 14.9, 4.8, 19.8, 7.8, 2.8, 4.6, 8.6, 6.8, 9.7, 4.9, 11.9, 14.8, 3.9, 10.9, 10.8, 5.9, 14.7]
Cost improvement count: [30, 86, 7, 2, 3, 7, 3, 1, 1, 2, 261, 16, 134, 17, 31, 12, 4, 9, 10, 52, 3, 2, 8, 6, 1, 20, 1, 23, 13, 1, 1, 23, 2, 71, 4, 1, 61, 2, 8, 60, 1]

==================================
A matrices:
(T = 1)
10×10 Matrix{Float64}:
 -1.0          0.228405  -0.278666   0.214639    -0.486601  -0.148723   -0.133652   -1.02371    -0.873703   -0.523392
 -0.246062    -1.0       -0.352323  -0.610021    -0.412979  -0.325289   -0.495896   -0.621497   -0.557223   -0.0154952
 -0.370038    -0.505469  -1.0       -0.773653    -0.327302  -0.589233   -0.226191   -0.343081   -0.181477   -0.0443949
 -1.16013     -0.485879  -0.227502  -1.0          0.131464  -0.34252    -0.113519   -0.0885119   0.0119646  -0.472153
 -0.570307    -0.220933  -0.115274   0.182033    -1.0       -0.0887176  -0.0707212  -0.250149   -0.290054   -0.773704
 -0.0148759   -0.372174   0.237246  -0.023887    -0.487938  -1.0        -0.493527   -0.477532   -0.598095   -0.427522
 -0.475927    -0.466979  -0.641276  -0.896527    -0.294085  -0.148313   -1.0        -0.208056   -0.215393   -0.91446
 -0.0875434   -0.299804  -0.977907  -0.144921    -0.611694  -0.479181   -0.328755   -1.0        -0.399261   -0.78184
 -0.00189257  -0.799956  -0.164879   0.00347296  -0.589835  -0.364899   -0.0818783  -0.260108   -1.0        -0.570198
 -0.144235    -0.466587  -0.24093   -0.763878    -0.437138   0.150221   -0.395817   -0.0207191  -0.481061   -1.0

==================================
r vectors:
(T = 1)
10-element Vector{Float64}:
 1.4306909378799522
 2.2659463005500107
 2.347797692353047
 2.0060621821225944
 1.9218087439887275
 1.85811895392801
 2.6338315764012186
 2.1888242478292117
 2.143064334966842
 2.0610271562531914
