==================================
Setup:
N: 10
T: 1
add: 1.0
del: 3.0
nat: 0.1
temp: 5.0
Source: Generated
A parameters: Normal{Float64}(μ=-0.34957337852079434, σ=0.317489533866379)
r parameters: Normal{Float64}(μ=2.0900457675864015, σ=0.34374938386010706)
portion: 1.0
scaling: 1.0

==================================
Statistics:
Proportion of candidate states: 0.3173828125
Candidate states: 325
Total states: 1024
Total candidate pairs evaluated: 1000
Total natural transitions: 699

Path length diff avg: -0.587
Path length diff val: [0, -5, -1, 2, -3, -6, -4, -2, 1]
Path length diff count: [514, 4, 187, 8, 33, 1, 11, 163, 79]

Cost improvement avg: 3.1893000000000002
Cost improvement val: [1.7, 5.8, 11.7, 1.9, 3.7, 8.7, 5.7, 11.8, 7.7, 9.6, 2.7, 12.8, 0.0, 1.8, 2.9, 8.9, 7.9, 3.8, 4.7, 8.8, 9.8, 0.9, 10.7, 6.7, 6.9, 0.8, 4.8, 7.8, 2.8, 4.6, 8.6, 6.8, 9.7, 4.9, 3.9, 10.9, 2.6, 3.6, 5.9, 10.8]
Cost improvement count: [2, 51, 1, 99, 1, 5, 1, 2, 6, 4, 5, 3, 267, 13, 160, 3, 10, 45, 6, 24, 6, 41, 1, 8, 9, 10, 29, 20, 11, 1, 3, 24, 3, 47, 25, 3, 1, 1, 41, 8]

==================================
A matrices:
(T = 1)
10×10 Matrix{Float64}:
 -1.0       -0.405928   -0.313421   -0.245105  -0.764362  -0.272348   -0.375444  -0.747895  -0.603099   -0.159431
 -0.103578  -1.0         0.0376502   0.317053  -0.102111  -0.803561   -0.450528  -0.374239  -0.703617   -0.665866
 -0.230349  -0.769314   -1.0        -0.420133  -0.525875  -0.443623   -0.621595   0.103237  -0.0862744  -0.379661
 -0.530384  -0.574725   -0.563857   -1.0        0.108613  -0.287024   -0.334425   0.238984  -0.637928    0.0722412
 -0.51249   -0.511167   -0.240503   -0.468876  -1.0        0.0959183  -0.666061  -0.156838  -0.576701   -0.473801
  0.133859  -0.400519   -0.857687   -0.621578  -0.335191  -1.0        -0.449675   0.112512  -0.146645    0.0610684
 -0.875117  -0.318719   -0.309569   -0.225492  -0.102079  -0.529589   -1.0       -0.808795  -0.0980283  -0.846314
 -0.596003   0.0457899   0.0269176  -0.420238  -0.332531  -1.09018    -0.478702  -1.0        0.221383   -0.376656
 -0.563701  -0.192118   -0.494316   -0.588012  -0.200395  -0.635236   -0.555508  -0.19091   -1.0        -0.767814
 -0.52869   -0.573055   -0.475164   -0.412623  -0.303286  -0.397659    0.153222  -0.597877  -0.883211   -1.0

==================================
r vectors:
(T = 1)
10-element Vector{Float64}:
 2.1309341920135987
 2.6970988251130947
 2.593886398008157
 2.3638838150542605
 2.263570613052854
 1.8961507752698625
 2.1278182710278366
 2.3096618561564366
 1.996235536914796
 1.353135022795737
