==================================
Setup:
N: 10
T: 1
add: 1.0
del: 3.0
nat: 0.1
temp: 5.0
Source: Generated
A parameters: Normal{Float64}(μ=-0.34957337852079434, σ=0.317489533866379)
r parameters: Normal{Float64}(μ=2.0900457675864015, σ=0.34374938386010706)
portion: 1.0
scaling: 1.0

==================================
Statistics:
Proportion of candidate states: 0.3115234375
Candidate states: 319
Total states: 1024
Total candidate pairs evaluated: 1000
Total natural transitions: 703

Path length diff avg: -0.396
Path length diff val: [0, -5, -1, 2, -3, -6, -4, -2, 3, 1]
Path length diff count: [522, 1, 171, 29, 38, 1, 9, 119, 3, 107]

Cost improvement avg: 3.4788999999999994
Cost improvement val: [5.8, 9.9, 1.9, 3.7, 8.7, 5.7, 13.8, 11.8, 7.7, 2.7, 0.7, 0.0, 1.8, 2.9, 8.9, 7.9, 3.8, 4.7, 8.8, 9.8, 0.9, 10.7, 6.7, 6.9, 0.8, 4.8, 7.8, 2.8, 6.8, 9.7, 4.9, 11.9, 3.9, 10.9, 10.8, 5.9]
Cost improvement count: [31, 1, 84, 1, 1, 3, 4, 4, 1, 3, 1, 241, 7, 187, 21, 12, 45, 2, 18, 12, 32, 1, 6, 12, 10, 21, 29, 19, 29, 2, 40, 3, 30, 1, 11, 75]

==================================
A matrices:
(T = 1)
10×10 Matrix{Float64}:
 -1.0         0.282066  -0.619714   -0.178311  -0.995444   -0.505235  -0.278894    -0.621993   -0.264662   -1.07418
 -0.123714   -1.0       -0.143487   -0.309728  -0.227713   -0.143962  -0.15398     -0.158159   -0.620114   -0.558083
  0.166381   -0.295749  -1.0        -0.260445  -0.594926   -0.277741   0.377442     0.184275   -0.353227   -0.813561
 -0.426697   -0.216604  -0.449134   -1.0       -0.340708    0.260898  -0.0487243   -0.582754   -0.256041   -0.148267
 -0.653563   -0.647648  -0.653771   -0.408533  -1.0        -0.658455   0.106292    -0.393484    0.0417314  -0.456664
 -0.585752   -0.108324  -0.280446   -0.104018  -0.393198   -1.0       -0.34112     -0.214542   -0.454518   -0.263199
 -0.360658   -0.296312  -0.805127   -0.622707  -0.347707   -0.301275  -1.0         -0.915718   -0.661954   -0.622496
 -0.49831    -0.351089   0.137447   -0.752749   0.10016    -0.430749   0.00363264  -1.0        -0.385569   -0.331331
 -0.638095   -0.894822   0.0476845  -0.601386  -0.155463   -0.336586  -0.997777    -0.486737   -1.0        -0.181138
 -0.0902024   0.440962  -0.432021   -0.315481   0.0305826  -0.772298  -0.614555     0.0176004  -0.377625   -1.0

==================================
r vectors:
(T = 1)
10-element Vector{Float64}:
 2.463277630694868
 1.7650684080266323
 2.336702186407494
 2.2645395880512242
 2.295879510208234
 2.3487399140754786
 2.46536511263425
 2.2467038291728927
 2.0775182884772803
 2.117657199093247
