==================================
Setup:
N: 10
T: 1
add: 1.0
del: 3.0
nat: 0.1
temp: 5.0
Source: Generated
A parameters: Normal{Float64}(μ=-0.34957337852079434, σ=0.317489533866379)
r parameters: Normal{Float64}(μ=2.0900457675864015, σ=0.34374938386010706)
portion: 1.0
scaling: 1.0

==================================
Statistics:
Proportion of candidate states: 0.3212890625
Candidate states: 329
Total states: 1024
Total candidate pairs evaluated: 1000
Total natural transitions: 693

Path length diff avg: -0.386
Path length diff val: [0, -5, -1, 2, -3, -6, -4, -2, 3, 1]
Path length diff count: [496, 4, 183, 39, 38, 1, 4, 122, 3, 110]

Cost improvement avg: 3.616599999999999
Cost improvement val: [1.7, 3.8, 8.8, 6.9, 7.8, 8.6, 6.8, 4.9, 14.8, 10.6, 10.9, 8.7, 12.8, 0.7, 9.8, 2.9, 7.9, 6.6, 4.6, 3.6, 1.9, 13.8, 11.8, 0.0, 8.9, 0.9, 0.8, 4.8, 2.8, 12.7, 3.9, 5.9, 5.8, 11.7, 3.7, 5.7, 7.7, 1.8, 10.7, 4.7, 6.7, 9.7, 11.9, 10.8]
Cost improvement count: [2, 38, 25, 9, 26, 1, 15, 57, 1, 1, 1, 9, 1, 1, 7, 128, 7, 1, 2, 1, 98, 1, 5, 250, 32, 29, 11, 34, 14, 1, 21, 74, 47, 3, 1, 6, 1, 10, 1, 2, 7, 6, 2, 11]

==================================
A matrices:
(T = 1)
10×10 Matrix{Float64}:
 -1.0        -0.34094    -0.567806   -0.699286  -0.219249    -0.610411   -0.434723   -0.314858   -0.655582  -1.03083
  0.187133   -1.0        -0.126123   -0.348881  -0.360116    -0.646486   -0.609418   -0.748011   -0.342036  -0.4484
  0.147197   -0.361704   -1.0         0.172905  -0.62924      0.518258    0.146012   -0.432734   -0.210825   0.0808743
 -0.640468   -0.789545   -0.357499   -1.0       -0.66206     -0.095463   -0.767843    0.176025    0.209203  -0.722384
  0.0573564  -0.186549   -0.448647    0.060892  -1.0         -0.474679   -0.438316   -0.19126    -0.363325  -0.286508
  0.302565    0.296655   -0.421148   -0.169929   0.0680647   -1.0        -1.14358    -0.266964   -0.383831  -0.285729
 -0.637254   -0.0716842  -0.0322845  -1.1225    -0.415004     0.0855182  -1.0         0.12378    -0.502498  -0.383823
 -0.952666   -0.465523   -1.02724    -0.548142  -0.210911    -0.379929   -0.347239   -1.0        -0.460371  -0.0262263
 -0.118008   -1.23259    -0.471776   -0.749604  -0.102721    -0.0945923  -0.0208001  -0.344123   -1.0       -0.357121
 -0.402341   -0.368003   -0.36869    -0.163356   0.00552943   0.167941   -0.0972713  -0.0959197  -0.252229  -1.0

==================================
r vectors:
(T = 1)
10-element Vector{Float64}:
 2.3808202791286965
 2.1986721811107044
 1.628424742465373
 2.4604607410995447
 1.9704556956142603
 1.660267615509829
 2.120950385773258
 2.262302758849357
 2.2871320425052297
 2.5546641281781355
