==================================
Setup:
N: 10
T: 1
add: 1.0
del: 3.0
nat: 0.1
temp: 5.0
Source: Generated
A parameters: Normal{Float64}(μ=-0.34957337852079434, σ=0.317489533866379)
r parameters: Normal{Float64}(μ=2.0900457675864015, σ=0.34374938386010706)
portion: 1.0
scaling: 1.0

==================================
Statistics:
Proportion of candidate states: 0.3193359375
Candidate states: 327
Total states: 1024
Total candidate pairs evaluated: 1000
Total natural transitions: 697

Path length diff avg: -0.266
Path length diff val: [0, -1, 2, -3, -6, -4, -2, 3, 1]
Path length diff count: [615, 160, 20, 29, 1, 7, 67, 4, 97]

Cost improvement avg: 2.8083
Cost improvement val: [5.8, 1.9, 8.7, 5.7, 11.8, 7.7, 2.7, 0.7, 0.0, 1.8, 2.9, 8.9, 7.9, 3.8, 4.7, 8.8, 9.8, 0.9, 6.7, 6.9, 0.8, 4.8, 7.8, 2.8, 12.7, 6.8, 9.7, 4.9, 11.9, 14.8, 3.9, 6.5, 5.6, 10.8, 5.9]
Cost improvement count: [29, 70, 1, 3, 5, 1, 2, 1, 326, 13, 225, 15, 12, 14, 1, 16, 7, 25, 2, 7, 9, 32, 6, 14, 1, 10, 2, 28, 3, 1, 47, 1, 1, 2, 68]

==================================
A matrices:
(T = 1)
10×10 Matrix{Float64}:
 -1.0       -0.394256   0.284709   -0.518725   -0.453756   0.188039   -0.457823   -0.827307  -0.0917484   0.274718
 -0.947676  -1.0       -0.662329   -0.0581576  -0.228753  -0.201012   -0.569661   -0.103997  -0.41149    -0.55321
 -0.194746  -0.250233  -1.0        -0.850399   -0.758471  -0.397107   -0.67841    -0.125992  -0.499962   -0.601943
 -0.285341  -0.166558  -0.640384   -1.0        -0.217672  -0.636429   -0.839197   -0.71817   -0.0902924  -0.0772944
  0.239508  -0.411345  -0.321241   -0.595877   -1.0       -0.138242    0.0491435  -0.53607   -0.469682   -0.153271
 -0.599696  -0.495873  -0.509578   -0.440634   -0.260859  -1.0        -0.670689   -0.23912   -0.443606   -0.316278
 -0.516784  -0.303195  -0.242464   -0.494832   -1.11617   -0.258559   -1.0         0.10572   -0.61172    -0.797561
  0.150887  -0.340091  -0.0318738  -0.20118    -0.345635  -0.330393   -0.472717   -1.0       -0.113174   -0.205437
 -0.333145  -0.541874  -0.221118   -0.293385   -0.276918   0.166025   -0.643869   -0.275206  -1.0        -0.254179
 -0.18126   -0.357739  -0.320942   -0.230772    0.121521  -0.0119396  -0.635328   -0.376632  -0.615214   -1.0

==================================
r vectors:
(T = 1)
10-element Vector{Float64}:
 2.5989429361846996
 1.978227811728913
 2.4710721392047654
 1.8712328241747824
 2.149222184403752
 2.012389400263683
 1.7200623321440258
 1.549288925461254
 1.1388915234381942
 1.4480870105708936
