==================================
Setup:
N: 10
T: 1
add: 1.0
del: 3.0
nat: 0.1
temp: 5.0
Source: Generated
A parameters: Normal{Float64}(μ=-0.34957337852079434, σ=0.317489533866379)
r parameters: Normal{Float64}(μ=2.0900457675864015, σ=0.34374938386010706)
portion: 1.0
scaling: 1.0

==================================
Statistics:
Proportion of candidate states: 0.267578125
Candidate states: 274
Total states: 1024
Total candidate pairs evaluated: 1000
Total natural transitions: 750

Path length diff avg: -0.448
Path length diff val: [0, -5, -1, 2, -3, -2, -4, 3, 1]
Path length diff count: [522, 4, 168, 22, 50, 121, 7, 5, 101]

Cost improvement avg: 3.2178999999999993
Cost improvement val: [1.7, 3.8, 8.8, 6.9, 7.8, 6.8, 4.9, 8.7, 12.8, 0.7, 9.8, 2.9, 7.9, 4.6, 1.9, 11.8, 2.7, 0.0, 8.9, 0.9, 0.8, 4.8, 2.8, 3.9, 5.9, 5.8, 11.7, 5.7, 7.7, 1.8, 10.7, 4.7, 6.7, 9.7, 11.9, 10.8]
Cost improvement count: [3, 41, 20, 1, 19, 28, 77, 2, 2, 2, 8, 130, 12, 1, 95, 2, 2, 276, 20, 39, 15, 23, 18, 23, 66, 39, 1, 8, 3, 7, 2, 1, 4, 1, 5, 4]

==================================
A matrices:
(T = 1)
10×10 Matrix{Float64}:
 -1.0        -0.575001  -0.658461  -0.341968   -0.733554    -0.188875   -0.0364271  -0.60066    0.135193   -0.758411
 -0.499036   -1.0       -0.363994  -0.515039   -0.410832    -0.115967    0.278444   -0.538147   0.0252157  -0.664571
 -0.540493   -0.613928  -1.0        0.00259     0.277871    -0.570634   -0.468703   -0.620807  -0.564518   -0.414858
 -0.818672   -0.589439  -0.803476  -1.0         0.00237018  -0.0979547  -0.247968   -0.428112  -0.686759   -0.032633
 -0.185498   -0.482668  -0.415376   0.0579714  -1.0         -0.250327   -0.419612   -0.590193  -0.274857   -0.453425
 -0.11428    -0.405916  -0.757565   0.259979   -0.640647    -1.0        -0.196617   -0.398666  -0.6909      0.180086
 -0.18398    -0.407609  -0.233821  -0.17122    -0.425139    -0.315762   -1.0        -0.309992  -0.615828   -0.492368
 -0.436071   -0.262841  -0.256138   0.0665518  -0.487884    -0.0266187  -0.320478   -1.0       -0.614062   -0.73324
  0.0255238  -0.592379  -0.496024  -0.0921929  -0.500775    -0.168781   -0.148474   -0.26034   -1.0        -0.590901
 -0.626901   -0.760473  -0.361161   0.108834   -0.696774    -0.340641   -0.361727   -0.811398  -0.7717     -1.0

==================================
r vectors:
(T = 1)
10-element Vector{Float64}:
 2.1897337742835554
 2.306578565504963
 1.8005059670127246
 2.148602083933419
 1.7033215943284952
 2.64844433651675
 2.3219751908354946
 2.526002411227366
 1.81689087319168
 1.6240684252353628
