==================================
Setup:
N: 10
T: 1
add: 1.0
del: 3.0
nat: 0.1
temp: 5.0
Source: Generated
A parameters: Normal{Float64}(μ=-0.34957337852079434, σ=0.317489533866379)
r parameters: Normal{Float64}(μ=2.0900457675864015, σ=0.34374938386010706)
portion: 1.0
scaling: 1.0

==================================
Statistics:
Proportion of candidate states: 0.35546875
Candidate states: 364
Total states: 1024
Total candidate pairs evaluated: 1000
Total natural transitions: 648

Path length diff avg: -0.371
Path length diff val: [0, -5, -1, 2, -3, -2, -4, 3, 1]
Path length diff count: [517, 2, 181, 37, 40, 111, 6, 3, 103]

Cost improvement avg: 3.3513
Cost improvement val: [1.7, 5.8, 11.7, 1.9, 3.7, 8.7, 5.7, 13.8, 11.8, 7.7, 12.6, 2.7, 12.8, 0.0, 1.8, 2.9, 8.9, 7.9, 3.8, 4.7, 8.8, 9.8, 0.9, 6.7, 0.8, 4.8, 7.8, 2.8, 12.7, 8.6, 6.8, 9.7, 4.9, 11.9, 3.9, 10.6, 10.9, 10.8, 5.9]
Cost improvement count: [1, 23, 2, 92, 1, 3, 10, 2, 6, 3, 1, 1, 2, 285, 8, 129, 28, 13, 30, 4, 18, 3, 46, 4, 5, 27, 12, 9, 4, 1, 32, 5, 82, 3, 27, 1, 1, 10, 66]

==================================
A matrices:
(T = 1)
10×10 Matrix{Float64}:
 -1.0        -0.201491   -0.196393  -0.183247   -0.0973862  -0.543376   -0.538317   -0.252128   -0.193097  -0.312106
  0.0232185  -1.0         0.282929  -0.504866   -0.188706   -0.402484   -0.385783    0.0365041  -0.317196  -0.489028
 -0.480008   -0.554294   -1.0       -0.368954   -0.929812   -0.157094    0.137229   -0.171178   -0.301358  -0.774215
 -0.425465   -0.24211    -0.799592  -1.0         0.0567267  -0.396577   -0.510277   -0.656477   -0.425167  -0.130568
 -0.344667   -0.798161   -0.294359  -0.599774   -1.0         0.223433   -0.239209   -0.923114    0.07326   -0.463665
 -0.270946   -0.549582   -0.16926   -0.367201    0.0684028  -1.0        -0.819664    0.0935533  -0.448278  -0.329678
 -0.418543   -0.538035   -0.47963   -0.510515   -0.315448    0.0116526  -1.0        -1.04129    -0.889622  -0.824124
 -0.279138   -0.0963223  -0.44036   -0.145177   -0.0622265   0.327284   -0.57724    -1.0        -0.616806  -0.188173
 -0.729647   -0.463225   -0.33684   -0.279479   -0.559007   -0.674971   -0.0658577  -0.165153   -1.0        0.155097
 -0.861994   -0.229956   -0.953495  -0.0413856  -0.369147    0.288246   -0.738606   -0.230592   -0.180035  -1.0

==================================
r vectors:
(T = 1)
10-element Vector{Float64}:
 1.7423034091587317
 1.632560290554935
 2.052132493747262
 2.378762679527688
 1.825438345891643
 2.0918752277670323
 2.719059505185282
 2.3875606033043173
 2.395309447833115
 2.0573466214752285
