==================================
Setup:
N: 10
T: 1
add: 1.0
del: 3.0
nat: 0.1
temp: 5.0
Source: Generated
A parameters: Normal{Float64}(μ=-0.34957337852079434, σ=0.317489533866379)
r parameters: Normal{Float64}(μ=2.0900457675864015, σ=0.34374938386010706)
portion: 1.0
scaling: 1.0

==================================
Statistics:
Proportion of candidate states: 0.3232421875
Candidate states: 331
Total states: 1024
Total candidate pairs evaluated: 1000
Total natural transitions: 666

Path length diff avg: -0.38
Path length diff val: [0, -5, -1, 2, -3, -2, -4, 3, 1]
Path length diff count: [523, 1, 191, 29, 26, 121, 7, 2, 100]

Cost improvement avg: 3.7703
Cost improvement val: [5.8, 9.9, 11.7, 1.9, 3.7, 8.7, 5.7, 13.8, 11.8, 7.7, 2.7, 12.8, 0.0, 1.8, 2.9, 8.9, 7.9, 3.8, 4.7, 8.8, 9.8, 0.9, 10.7, 6.7, 6.9, 0.8, 11.6, 4.8, 7.8, 2.8, 12.7, 6.8, 9.7, 4.9, 11.9, 14.8, 3.9, 10.9, 5.6, 10.8, 5.9, 14.7]
Cost improvement count: [31, 3, 2, 86, 1, 6, 5, 2, 5, 2, 1, 1, 225, 11, 132, 21, 21, 29, 2, 8, 14, 44, 1, 5, 13, 2, 1, 22, 36, 16, 2, 33, 1, 94, 1, 1, 45, 3, 1, 17, 53, 1]

==================================
A matrices:
(T = 1)
10×10 Matrix{Float64}:
 -1.0        -0.379106   -0.385362   -0.603272   -0.326737   -0.0915793  -1.03464   -0.400091   0.086266   -0.340805
 -0.585947   -1.0        -0.218661   -0.116449    0.357116   -0.233503   -0.423269  -0.258719  -0.424146   -0.321213
 -0.542768   -0.353343   -1.0        -0.717745   -0.326488   -0.264823   -0.348657  -0.111583  -0.287083    0.32793
 -0.896753   -0.165705   -0.333804   -1.0        -0.632087   -0.487966   -0.587338  -0.624062   0.368434   -0.094279
 -0.564074   -0.565565   -0.316468   -0.512881   -1.0        -0.465398   -0.96197    0.06721   -0.147067   -0.0197061
 -0.172844   -0.432145    0.0715794  -0.36293    -0.298948   -1.0        -0.653638  -0.712765  -0.672607   -0.220587
 -0.623117   -0.257344   -0.373159   -0.267498   -0.679364   -0.332469   -1.0       -1.0853     0.517185   -0.185462
 -0.185087   -0.464983   -0.242559   -0.875424    0.184744   -0.503269   -0.386625  -1.0       -0.0570258  -0.285957
  0.0467265   0.0465876  -1.108      -0.0508961  -0.0990166  -0.628162   -0.817213  -0.544194  -1.0        -0.53229
  0.0216077  -0.263304   -0.301347   -0.366877   -0.717506   -0.339883   -0.672437  -0.425331  -0.540121   -1.0

==================================
r vectors:
(T = 1)
10-element Vector{Float64}:
 1.8982573367184723
 1.6351106747597801
 2.076519425127808
 2.039095482686767
 2.0715604598745943
 1.4380311682980687
 1.7068283958865873
 2.296018739551374
 1.8085627654742173
 2.0604341575843264
