==================================
Setup:
N: 10
T: 1
add: 1.0
del: 3.0
nat: 0.1
temp: 5.0
Source: Generated
A parameters: Normal{Float64}(μ=-0.34957337852079434, σ=0.317489533866379)
r parameters: Normal{Float64}(μ=2.0900457675864015, σ=0.34374938386010706)
portion: 1.0
scaling: 1.0

==================================
Statistics:
Proportion of candidate states: 0.1962890625
Candidate states: 201
Total states: 1024
Total candidate pairs evaluated: 1000
Total natural transitions: 818

Path length diff avg: -0.358
Path length diff val: [0, -5, -1, 2, -3, -2, -4, 3, 1]
Path length diff count: [555, 3, 174, 25, 31, 102, 8, 4, 98]

Cost improvement avg: 3.0757
Cost improvement val: [1.7, 5.8, 11.7, 1.9, 3.7, 8.7, 5.7, 11.8, 7.7, 2.7, 0.0, 1.8, 2.9, 8.9, 7.9, 3.8, 4.7, 8.8, 9.8, 0.9, 10.7, 6.7, 0.8, 4.8, 7.8, 2.8, 7.6, 6.8, 9.7, 4.9, 11.9, 3.9, 5.6, 10.8, 5.9]
Cost improvement count: [3, 35, 2, 107, 3, 4, 5, 1, 3, 4, 283, 6, 168, 24, 3, 46, 2, 13, 2, 33, 1, 3, 12, 29, 23, 7, 1, 23, 1, 52, 4, 14, 2, 8, 73]

==================================
A matrices:
(T = 1)
10×10 Matrix{Float64}:
 -1.0         0.26711   -0.802107    -0.111648    -0.552795   -0.0934256   0.320177   -0.778333   0.00424789  -0.57541
 -0.122386   -1.0       -0.601758    -0.449219    -0.0219596   0.254136    0.0103203  -0.116382  -0.118764    -0.71425
 -0.574929   -0.679278  -1.0         -0.254852    -0.0919289  -0.201129   -0.564421   -0.449169  -1.1135      -0.538034
 -0.856822   -0.670203  -0.456803    -1.0         -0.745194    0.330138   -0.0826976  -0.110979  -0.536036    -0.468384
 -0.84222    -0.192297   0.0368342   -0.535327    -1.0        -0.352241   -0.205046   -0.394463  -0.452111    -0.218979
 -0.480802   -0.468102  -0.15464     -0.0854199   -0.144425   -1.0        -0.53642    -0.199209  -0.875487    -0.618392
  0.308442   -0.624512  -0.00946395  -0.212135     0.169666    0.0189103  -1.0        -0.330504  -0.822943     0.223512
  0.117722   -1.23458   -0.109396    -1.07492     -0.158836   -0.43932    -0.227542   -1.0       -0.58586      0.00509229
 -0.0406564  -0.37337   -0.107822    -0.124353    -0.334227   -0.614395   -0.272981   -0.156951  -1.0         -0.398154
 -0.616537   -0.60652   -0.617745    -0.00609686   0.142311   -0.0454625  -0.0859135  -0.405419  -0.416302    -1.0

==================================
r vectors:
(T = 1)
10-element Vector{Float64}:
 2.0140898272934513
 2.183235383751221
 1.9376972420181455
 3.0934550759535338
 2.0406728593148538
 1.9466944164962559
 1.4485875755349173
 2.153490582675089
 2.816921276627164
 2.2243975293373395
