==================================
Setup:
N: 10
T: 1
add: 1.0
del: 3.0
nat: 0.1
temp: 5.0
Source: Generated
A parameters: Normal{Float64}(μ=-0.34957337852079434, σ=0.317489533866379)
r parameters: Normal{Float64}(μ=2.0900457675864015, σ=0.34374938386010706)
portion: 1.0
scaling: 1.0

==================================
Statistics:
Proportion of candidate states: 0.21484375
Candidate states: 220
Total states: 1024
Total candidate pairs evaluated: 1000
Total natural transitions: 804

Path length diff avg: -0.268
Path length diff val: [0, -5, -1, 2, -3, -2, -4, 3, 1]
Path length diff count: [530, 2, 192, 31, 19, 91, 6, 3, 126]

Cost improvement avg: 3.4326000000000003
Cost improvement val: [1.7, 5.8, 1.9, 3.7, 5.7, 2.7, 0.7, 0.0, 1.8, 2.9, 8.9, 7.9, 3.8, 4.7, 8.8, 9.8, 0.9, 6.9, 0.8, 4.8, 7.8, 2.8, 6.8, 9.7, 4.9, 11.9, 3.9, 16.8, 10.8, 5.9]
Cost improvement count: [2, 35, 101, 1, 1, 3, 2, 241, 4, 144, 31, 17, 30, 3, 21, 8, 44, 2, 7, 30, 26, 10, 20, 4, 85, 2, 34, 1, 11, 80]

==================================
A matrices:
(T = 1)
10×10 Matrix{Float64}:
 -1.0        -0.485049   -0.00721026  -0.607637  -0.762653    0.219344   -0.45068    -0.356313  -0.744462   0.0529134
 -1.06855    -1.0        -0.645066    -0.355483  -0.360357   -0.535024   -0.3916     -0.615492  -1.07049   -0.244792
 -0.278337   -0.0246251  -1.0         -0.714853  -0.0809045  -0.0914532  -0.203995   -0.810002  -0.463078  -0.514842
 -0.928935   -0.437424   -0.417876    -1.0       -0.50681    -0.563206   -0.0430656   0.178245  -0.694194  -0.31123
  0.414762    0.287961    0.179286    -0.26317   -1.0        -0.418421   -0.0241463   0.090039  -0.212482  -0.915732
 -0.412338   -0.634561   -0.22923     -0.546718  -0.691705   -1.0        -0.339699    0.13672   -0.726746  -0.772584
 -0.418764   -0.841203   -0.207223    -0.333935  -0.320915   -0.537537   -1.0        -0.285873  -0.092643  -0.098733
 -0.0829594  -0.0435791  -0.354239    -0.324307  -0.637859    0.476409    0.358592   -1.0        0.492702  -0.418618
 -0.0841093  -0.523827   -0.53302     -0.203958  -0.205799   -0.594061   -0.123676   -0.357771  -1.0       -0.59652
 -0.452733   -0.53068    -0.318206    -0.351983  -0.759529   -0.428005   -0.227372   -0.26303   -0.144256  -1.0

==================================
r vectors:
(T = 1)
10-element Vector{Float64}:
 2.7750719400261152
 2.0310758208273465
 2.5114929697170267
 1.8225572145984292
 2.3513711948105587
 2.3377954198548827
 2.010071824731324
 2.6729219068485333
 1.7619967769540354
 1.863254184418678
