==================================
Setup:
N: 10
T: 1
add: 1.0
del: 3.0
nat: 0.1
temp: 5.0
Source: Generated
A parameters: Normal{Float64}(μ=-0.34957337852079434, σ=0.317489533866379)
r parameters: Normal{Float64}(μ=2.0900457675864015, σ=0.34374938386010706)
portion: 1.0
scaling: 1.0

==================================
Statistics:
Proportion of candidate states: 0.2158203125
Candidate states: 221
Total states: 1024
Total candidate pairs evaluated: 1000
Total natural transitions: 801

Path length diff avg: -0.318
Path length diff val: [0, -5, -1, 2, -3, -2, -4, 3, 1]
Path length diff count: [518, 2, 183, 34, 35, 95, 7, 2, 124]

Cost improvement avg: 3.3751999999999995
Cost improvement val: [1.7, 5.8, 11.7, 1.9, 3.7, 8.7, 5.7, 11.8, 0.0, 1.8, 2.9, 8.9, 7.9, 3.8, 4.7, 8.8, 9.8, 0.9, 6.7, 0.8, 4.8, 7.8, 2.8, 4.6, 6.8, 9.7, 4.9, 11.9, 14.8, 3.9, 5.6, 10.8, 5.9, 14.7]
Cost improvement count: [1, 28, 4, 93, 2, 3, 5, 7, 258, 9, 155, 25, 14, 41, 2, 13, 9, 34, 3, 11, 45, 28, 14, 1, 22, 1, 49, 1, 1, 24, 1, 6, 88, 2]

==================================
A matrices:
(T = 1)
10×10 Matrix{Float64}:
 -1.0        -1.03973   -0.106921   0.0364411  -0.224914  -0.588089   -0.568277  -0.235756   0.215663   -0.287408
 -1.02328    -1.0       -0.665698  -0.174764   -0.808946   0.326352   -0.613787  -0.199731   0.0851178  -0.973603
 -0.366711    0.2111    -1.0       -0.506656   -0.724728   0.0697033  -0.912422  -0.285424  -0.197672   -0.326156
  0.0497861  -0.210957  -0.125509  -1.0        -0.241224   0.184777   -0.231503  -0.209061  -0.509767   -0.632622
 -0.226313   -0.273307  -0.394327  -0.841833   -1.0       -1.35977     0.040176  -0.485034   0.24737    -0.828832
 -0.214692   -0.306157  -0.142433  -0.250949   -0.362924  -1.0         0.197761  -0.680748  -0.141528   -0.00729133
 -0.139598   -0.70359   -0.196976  -0.639175   -0.528303  -0.621109   -1.0       -0.577704  -0.316078   -0.28574
 -0.165252   -0.108395  -0.626466  -0.555598   -0.565785  -0.569       0.109903  -1.0       -0.396703   -0.415265
 -0.421484   -0.306052  -0.666196  -0.533765   -0.335428  -0.37647    -0.44289   -0.477068  -1.0        -0.421125
 -0.285283   -0.365002   0.133647  -0.217611   -0.696725   0.0256386   0.406588  -0.142942  -1.22033    -1.0

==================================
r vectors:
(T = 1)
10-element Vector{Float64}:
 2.8690092707171058
 2.703109579057643
 2.1957984055479662
 1.2430304572557045
 2.143296154885048
 2.281768641318667
 1.7169579608351553
 2.2041436935726875
 1.9047286003205746
 2.3446077351078616
