==================================
Setup:
N: 10
T: 1
add: 1.0
del: 3.0
nat: 0.1
temp: 5.0
Source: Generated
A parameters: Normal{Float64}(μ=-0.34957337852079434, σ=0.317489533866379)
r parameters: Normal{Float64}(μ=2.0900457675864015, σ=0.34374938386010706)
portion: 1.0
scaling: 1.0

==================================
Statistics:
Proportion of candidate states: 0.23828125
Candidate states: 244
Total states: 1024
Total candidate pairs evaluated: 1000
Total natural transitions: 773

Path length diff avg: -0.438
Path length diff val: [0, -5, -1, 2, -3, -6, -4, -2, 3, 1]
Path length diff count: [496, 12, 219, 22, 42, 2, 5, 85, 4, 113]

Cost improvement avg: 3.1184
Cost improvement val: [1.7, 5.8, 11.7, 1.9, 3.7, 5.7, 13.8, 11.8, 7.7, 2.7, 0.0, 1.8, 2.9, 8.9, 7.9, 3.8, 4.7, 8.8, 6.6, 0.9, 9.8, 6.7, 6.9, 0.8, 4.8, 7.8, 2.8, 6.8, 9.7, 4.9, 11.9, 3.9, 10.6, 1.6, 10.8, 5.9]
Cost improvement count: [5, 31, 1, 125, 9, 4, 1, 3, 4, 4, 273, 9, 138, 18, 11, 25, 1, 19, 1, 31, 8, 5, 2, 21, 40, 16, 8, 25, 1, 44, 4, 26, 1, 1, 6, 79]

==================================
A matrices:
(T = 1)
10×10 Matrix{Float64}:
 -1.0         -0.63383    -0.814311   -0.199368   -0.508511   -0.8005    -0.492846  -0.350115    0.184804   -0.077337
 -0.553214    -1.0        -0.557273   -0.21512    -0.0503375  -0.191273  -0.297146  -0.0674123  -0.494392   -0.200836
 -0.359264    -0.408069   -1.0        -0.830716   -0.598195   -0.651609  -0.122307  -0.545024   -0.875499   -0.587413
 -0.200107    -0.881162   -0.473755   -1.0        -1.0523     -0.327762  -0.290754   0.0269523   0.197775   -0.338653
  0.0226647   -0.332344   -0.724324   -0.695464   -1.0        -0.397103  -0.525607  -0.601522   -0.508076   -0.663051
 -0.926557    -0.0198257  -0.526299   -0.074528   -0.493952   -1.0       -0.249931  -0.177565   -0.272391   -0.610403
 -0.204677    -0.224791   -0.942806   -0.362167   -0.83581    -0.299466  -1.0       -0.629245   -0.616497   -0.576519
  0.00513734  -0.604212   -0.413112    0.0973226  -0.406858   -0.282117  -0.113158  -1.0        -0.446382   -0.447832
 -1.07912     -0.647674   -0.0780659  -0.454775   -0.071813   -0.116661  -0.573137  -0.200459   -1.0        -0.243814
 -0.335635    -0.327712   -0.281667   -0.581564   -0.486634   -0.854596  -0.506356   0.168914   -0.0919468  -1.0

==================================
r vectors:
(T = 1)
10-element Vector{Float64}:
 2.7612768421014584
 2.192628194951005
 2.066490677512337
 2.353956614600751
 2.8586307213492748
 2.448307953107294
 2.2088363186311692
 1.753547661879162
 2.7103167800818824
 2.0088944123060215
