==================================
Setup:
N: 10
T: 1
add: 1.0
del: 3.0
nat: 0.1
temp: 5.0
Source: Generated
A parameters: Normal{Float64}(μ=-0.34957337852079434, σ=0.317489533866379)
r parameters: Normal{Float64}(μ=2.0900457675864015, σ=0.34374938386010706)
portion: 1.0
scaling: 1.0

==================================
Statistics:
Proportion of candidate states: 0.291015625
Candidate states: 298
Total states: 1024
Total candidate pairs evaluated: 1000
Total natural transitions: 726

Path length diff avg: -0.422
Path length diff val: [-3, -6, 1, 0, -5, -1, -2, 3, -7, 2, -4]
Path length diff count: [33, 1, 73, 591, 8, 155, 97, 5, 2, 23, 12]

Cost improvement avg: 2.7809999999999997
Cost improvement val: [1.7, 5.8, 1.9, 3.7, 8.7, 5.7, 11.8, 7.7, 13.7, 12.8, 0.0, 1.8, 2.9, 8.9, 7.9, 3.8, 4.7, 8.8, 9.8, 0.9, 10.7, 6.7, 6.9, 0.8, 4.8, 7.8, 2.8, 8.6, 6.8, 11.9, 4.9, 14.8, 3.9, 10.6, 10.9, 3.6, 10.8, 5.9]
Cost improvement count: [6, 31, 70, 1, 3, 2, 1, 3, 1, 2, 336, 15, 193, 19, 6, 27, 4, 17, 5, 39, 2, 3, 4, 11, 33, 9, 15, 1, 16, 4, 29, 1, 30, 1, 3, 1, 4, 52]

==================================
A matrices:
(T = 1)
10×10 Matrix{Float64}:
 -1.0        -1.13633     0.380164   -0.251495   -0.0150504  -0.254519   -0.595763   -0.937125   -0.562019   -0.417449
 -0.417745   -1.0        -0.432308    0.481796   -0.0694012   0.263026   -0.182435   -0.54255    -0.0984542  -0.280878
 -0.144708   -0.348974   -1.0        -0.0625258  -0.694546   -0.777142   -0.203402   -0.418585   -0.0355809  -0.687729
 -0.302176   -0.264785   -0.32275    -1.0        -0.593918   -0.134647   -0.108569    0.123815   -0.615362   -0.0359915
 -0.334507   -0.226504   -0.157296   -0.214143   -1.0        -0.369616   -1.03738    -1.06018    -0.201287   -0.634458
 -0.0063554  -0.0604095   0.273412   -0.650534   -0.210531   -1.0        -0.0630754  -0.0999274  -0.756731   -0.47532
 -0.335904   -0.0874921   0.23069    -0.26126    -0.183175   -0.477432   -1.0        -0.49964    -0.251008   -0.284111
 -0.195899    0.0389347  -0.536137   -0.33121    -0.413378   -0.0586437  -0.385819   -1.0        -0.32093    -0.600314
 -0.0364644  -0.836065    0.0409465  -0.208416   -0.84051    -0.198623   -0.440021   -0.458371   -1.0        -0.294601
 -0.16742    -0.149919   -0.201895   -0.0407476  -0.154742   -0.207783   -0.712733   -0.309141   -0.0596524  -1.0

==================================
r vectors:
(T = 1)
10-element Vector{Float64}:
 2.3056254284099076
 2.0820268599977494
 1.7252885371489557
 2.3485269791086796
 2.0505091510568305
 1.9740410808196538
 2.279808589193774
 2.1130883076047824
 1.4259448696487986
 2.2143966725727786
