==================================
Setup:
N: 10
T: 1
add: 1.0
del: 3.0
nat: 0.1
temp: 5.0
Source: Generated
A parameters: Normal{Float64}(μ=-0.34957337852079434, σ=0.317489533866379)
r parameters: Normal{Float64}(μ=2.0900457675864015, σ=0.34374938386010706)
portion: 1.0
scaling: 1.0

==================================
Statistics:
Proportion of candidate states: 0.494140625
Candidate states: 506
Total states: 1024
Total candidate pairs evaluated: 1000
Total natural transitions: 518

Path length diff avg: -0.315
Path length diff val: [0, -5, -1, 2, -3, -6, -4, -2, 3, 1]
Path length diff count: [631, 1, 143, 12, 42, 1, 12, 57, 1, 100]

Cost improvement avg: 2.5555000000000003
Cost improvement val: [1.7, 5.8, 11.7, 1.9, 3.7, 8.7, 5.7, 11.8, 7.7, 9.6, 2.7, 0.7, 0.0, 1.8, 2.9, 8.9, 7.9, 3.8, 4.7, 8.8, 0.9, 6.7, 0.8, 4.8, 7.8, 2.8, 12.7, 6.8, 9.7, 4.9, 11.9, 3.9, 5.6, 1.6, 10.8, 5.9]
Cost improvement count: [1, 28, 1, 94, 6, 1, 7, 3, 5, 1, 6, 3, 344, 12, 232, 9, 2, 20, 4, 15, 16, 2, 24, 27, 10, 5, 1, 11, 1, 18, 1, 5, 2, 1, 6, 76]

==================================
A matrices:
(T = 1)
10×10 Matrix{Float64}:
 -1.0        -0.585092   -0.262297  -0.710724  -0.277768   -0.250922   -0.749775   -0.139694  -0.625159  -0.390274
 -0.15029    -1.0        -0.725213  -0.135142   0.0111673  -0.182978    0.0562994  -0.802744  -0.35918   -0.0478225
 -0.510358   -0.0818683  -1.0        0.10884   -0.371246   -0.103335   -0.113262   -0.204373  -0.271894  -1.16365
  0.0799418  -0.552413   -0.283974  -1.0       -0.489812   -0.421017    0.109008    0.169447  -0.623312  -0.0513523
  0.0193321  -0.318896   -0.307775   0.133541  -1.0        -0.104      -0.919682   -0.569352  -0.506303  -0.167248
 -0.119288   -0.218117   -0.420042  -0.211708  -0.835159   -1.0        -0.465712   -0.184201  -0.357148  -0.0172583
 -0.273432   -0.386028   -0.425727  -0.107402  -0.663187   -0.0625869  -1.0        -0.612146  -0.364886  -0.456492
 -0.58784    -0.411807   -0.349717  -0.34452   -0.747753    0.135289   -0.200793   -1.0       -0.584548  -0.499188
 -0.0645549  -0.690556   -0.605112   0.168925  -0.30577    -0.276939   -0.0618201  -0.443823  -1.0       -0.259728
  0.221861   -0.802202   -0.899344  -0.466186  -0.631583   -0.727548    0.178404   -0.169242  -0.391408  -1.0

==================================
r vectors:
(T = 1)
10-element Vector{Float64}:
 2.3107472936877844
 1.8437350260901049
 1.703381285194616
 2.2229075253217188
 2.1563698385880516
 1.9168758307636622
 2.187177463754901
 1.9042611864367505
 2.246763034620707
 2.3504184881479344
