==================================
Setup:
N: 10
T: 1
add: 1.0
del: 3.0
nat: 0.1
temp: 5.0
Source: Generated
A parameters: Normal{Float64}(μ=-0.34957337852079434, σ=0.317489533866379)
r parameters: Normal{Float64}(μ=2.0900457675864015, σ=0.34374938386010706)
portion: 1.0
scaling: 1.0

==================================
Statistics:
Proportion of candidate states: 0.337890625
Candidate states: 346
Total states: 1024
Total candidate pairs evaluated: 1000
Total natural transitions: 663

Path length diff avg: -0.394
Path length diff val: [0, -5, -1, 2, -3, -2, -4, 3, 1]
Path length diff count: [555, 1, 159, 20, 47, 102, 9, 2, 105]

Cost improvement avg: 3.1873
Cost improvement val: [1.7, 5.8, 9.9, 11.7, 1.9, 3.7, 8.7, 5.7, 15.8, 11.8, 7.7, 9.6, 2.7, 12.8, 0.0, 1.8, 2.9, 8.9, 7.9, 3.8, 4.7, 8.8, 9.8, 0.9, 10.7, 6.7, 6.9, 0.8, 4.8, 7.8, 2.8, 12.7, 8.6, 6.8, 9.7, 4.9, 11.9, 14.8, 3.9, 10.9, 10.8, 5.9]
Cost improvement count: [1, 29, 3, 1, 79, 8, 2, 5, 1, 3, 8, 1, 6, 1, 274, 16, 191, 13, 10, 48, 1, 13, 4, 18, 2, 6, 7, 22, 33, 22, 5, 1, 1, 20, 1, 38, 1, 1, 15, 3, 3, 83]

==================================
A matrices:
(T = 1)
10×10 Matrix{Float64}:
 -1.0         0.104506    0.0939516  -0.316987    0.00948152  -0.26489    0.092391   0.175976   -0.364879   -0.431573
 -0.133452   -1.0        -0.159328   -1.03356    -0.27119     -0.53194   -0.501758  -0.140208   -0.299457   -0.518033
 -0.176284    0.435933   -1.0        -0.617822   -0.720862    -0.301587  -0.609732  -0.0982724  -0.178778   -0.109929
 -0.100743   -1.16627    -0.617327   -1.0        -0.431411    -0.209316  -0.410648  -0.252835   -0.673421   -0.805378
 -0.395254   -0.490682    0.289456    0.142246   -1.0         -0.475048  -1.02546   -0.880396   -0.0101005  -0.43514
 -0.750135   -0.0254858  -0.670157   -0.185035   -0.384023    -1.0       -0.268817  -0.504799   -0.441534   -0.559725
  0.0016841  -0.424594    0.128403   -0.555511    0.255303    -0.195252  -1.0       -0.0970883  -0.316139   -0.258135
  0.0360844  -0.0446173  -0.402673   -0.0349338  -0.423122    -0.460113  -0.100039  -1.0        -0.395818    0.10973
 -0.368814   -0.47728     0.255804   -0.343278   -0.278563    -0.313779  -0.488456   0.173752   -1.0        -0.595433
 -0.423687   -0.107621   -0.492668   -0.447013    0.390284    -0.538219  -0.317179   0.0749007  -0.0254701  -1.0

==================================
r vectors:
(T = 1)
10-element Vector{Float64}:
 2.5347099261125976
 2.384002525801541
 2.6465396141983986
 2.3488301457472605
 2.3180623454928555
 2.313596079391938
 2.2179637791808355
 1.6057321095535573
 2.1115528570940865
 1.7938937908822583
