==================================
Setup:
N: 10
T: 1
add: 1.0
del: 3.0
nat: 0.1
temp: 5.0
Source: Generated
A parameters: Normal{Float64}(μ=-0.34957337852079434, σ=0.317489533866379)
r parameters: Normal{Float64}(μ=2.0900457675864015, σ=0.34374938386010706)
portion: 1.0
scaling: 1.0

==================================
Statistics:
Proportion of candidate states: 0.1953125
Candidate states: 200
Total states: 1024
Total candidate pairs evaluated: 1000
Total natural transitions: 808

Path length diff avg: -0.378
Path length diff val: [0, -1, 2, -3, -2, -4, 3, 1]
Path length diff count: [507, 201, 22, 32, 114, 5, 2, 117]

Cost improvement avg: 3.7450999999999994
Cost improvement val: [3.8, 8.8, 6.9, 7.8, 6.8, 4.9, 8.7, 15.6, 12.8, 9.8, 2.9, 7.9, 5.6, 1.9, 11.8, 2.7, 0.0, 8.9, 0.9, 0.8, 4.8, 2.8, 12.7, 3.9, 5.9, 5.8, 11.7, 3.7, 5.7, 7.7, 13.7, 12.6, 1.8, 10.7, 4.7, 6.7, 9.7, 11.9, 10.8]
Cost improvement count: [37, 29, 2, 38, 36, 78, 5, 1, 1, 7, 142, 11, 1, 99, 6, 2, 206, 16, 38, 12, 40, 12, 1, 19, 68, 41, 1, 5, 3, 1, 2, 1, 10, 4, 3, 10, 3, 2, 7]

==================================
A matrices:
(T = 1)
10×10 Matrix{Float64}:
 -1.0       -0.0709567  -0.161476    0.0398734  -0.684307  -0.54112       0.155623  -0.446445   -0.420784   -0.619462
 -0.277291  -1.0        -0.889355    0.0457454   0.188867  -1.00657      -0.102018  -0.194739   -0.840011   -0.684873
 -0.275343  -0.957763   -1.0        -0.352494   -0.428786  -0.120677     -0.620867  -0.280178   -0.523551    0.318136
 -0.596602  -0.806544   -0.936868   -1.0        -0.698475  -0.588753     -0.157579  -0.246535   -0.104032   -0.591166
  0.054477  -0.578536   -0.0719292  -0.827511   -1.0       -0.108798     -0.90194   -0.677778   -0.933402   -0.531578
 -1.11935   -0.0689441  -0.14699    -0.628306   -0.157162  -1.0          -0.654318   0.0728325  -0.747098   -0.502438
 -0.253336   0.147329   -0.28461    -0.715871   -0.132005  -0.777653     -1.0       -0.0206562   0.0448514  -0.70396
 -0.317694  -0.48712    -0.608455   -1.31769    -0.227607  -0.542314     -1.01576   -1.0        -0.362585   -0.472948
 -0.150805  -0.296005   -0.0449341  -0.661131   -0.910392   0.000578777  -0.834242  -0.389071   -1.0        -0.168315
 -0.602548  -0.361495   -0.139661   -0.426131   -0.463398  -0.852232     -0.434336  -0.314116   -0.495141   -1.0

==================================
r vectors:
(T = 1)
10-element Vector{Float64}:
 2.101265240782562
 2.206624619302018
 2.106471223835781
 1.8910366294978855
 2.0098591689179894
 2.3131361127119074
 1.6509471796117547
 1.8519695884214942
 1.8112794134782333
 1.6332178898971954
