==================================
Setup:
N: 10
T: 1
add: 1.0
del: 3.0
nat: 0.1
temp: 5.0
Source: Generated
A parameters: Normal{Float64}(μ=-0.34957337852079434, σ=0.317489533866379)
r parameters: Normal{Float64}(μ=2.0900457675864015, σ=0.34374938386010706)
portion: 1.0
scaling: 1.0

==================================
Statistics:
Proportion of candidate states: 0.2958984375
Candidate states: 303
Total states: 1024
Total candidate pairs evaluated: 1000
Total natural transitions: 716

Path length diff avg: -0.434
Path length diff val: [0, -5, -1, 2, -3, -6, -4, -2, 3, 1]
Path length diff count: [533, 7, 163, 32, 40, 1, 9, 119, 2, 94]

Cost improvement avg: 3.3768
Cost improvement val: [1.7, 5.8, 11.7, 1.9, 3.7, 8.7, 5.7, 13.8, 11.8, 7.7, 2.7, 0.0, 1.8, 2.9, 8.9, 7.9, 3.8, 4.7, 8.8, 6.6, 0.9, 9.8, 6.7, 0.8, 4.8, 7.8, 2.8, 8.6, 6.8, 9.7, 4.9, 11.9, 3.9, 10.6, 5.6, 2.6, 3.6, 5.9, 10.8]
Cost improvement count: [2, 34, 3, 84, 5, 6, 9, 1, 2, 5, 1, 257, 10, 164, 29, 16, 54, 8, 16, 2, 36, 5, 5, 6, 26, 21, 18, 1, 24, 6, 59, 2, 19, 1, 1, 1, 1, 49, 11]

==================================
A matrices:
(T = 1)
10×10 Matrix{Float64}:
 -1.0         0.277606   0.0218976   -0.240323  -0.83101     0.269311  -0.490347   -0.00690082  -0.471312   -0.970389
 -0.110226   -1.0        0.00194773  -0.230681  -0.608363   -0.215542  -0.491627   -0.128609    -0.652593   -0.225729
 -0.720753   -0.143107  -1.0         -0.361398   0.0711292  -0.385935  -0.0828213  -0.00889844  -0.786386   -0.24604
 -0.156322   -0.543243  -0.269224    -1.0       -0.671392   -0.117573  -0.271262   -0.307413     0.0481902  -0.651665
 -0.401594   -0.475787  -0.101367    -0.150029  -1.0        -0.327996  -0.179825   -0.459385    -0.395913   -0.100554
 -0.0948714  -0.640963  -0.228708    -0.264726  -0.180039   -1.0       -0.700582   -0.99753     -0.139227   -0.508531
  0.0680675  -0.133154  -0.0990658   -0.69189   -0.962525   -0.443367  -1.0        -0.643749    -0.896127   -0.078204
 -0.0927876  -0.876796  -0.357462    -0.800777  -0.301164   -0.378209  -0.360004   -1.0         -0.363181   -0.454899
 -0.767908    0.13906   -0.420282    -0.544991  -0.107355   -0.68953   -0.39585    -0.634872    -1.0        -0.221836
 -0.659339   -0.895354  -0.301306    -0.422235  -0.443348   -1.59375   -0.314913   -0.16304     -0.421492   -1.0

==================================
r vectors:
(T = 1)
10-element Vector{Float64}:
 2.554311780145711
 1.8963956565681384
 1.6560787745846508
 2.6008407078707574
 1.9451248256879876
 1.6682546959615991
 2.1412283391630984
 2.2671702402628715
 2.137473814725377
 2.22752418535242
