==================================
Setup:
N: 10
T: 1
add: 1.0
del: 3.0
nat: 0.1
temp: 5.0
Source: Generated
A parameters: Normal{Float64}(μ=-0.34957337852079434, σ=0.317489533866379)
r parameters: Normal{Float64}(μ=2.0900457675864015, σ=0.34374938386010706)
portion: 1.0
scaling: 1.0

==================================
Statistics:
Proportion of candidate states: 0.2060546875
Candidate states: 211
Total states: 1024
Total candidate pairs evaluated: 1000
Total natural transitions: 808

Path length diff avg: -0.253
Path length diff val: [0, -1, 2, -3, -2, -4, 3, 1]
Path length diff count: [504, 195, 25, 28, 87, 3, 2, 156]

Cost improvement avg: 3.4574000000000007
Cost improvement val: [5.8, 11.7, 1.9, 3.7, 5.7, 13.8, 11.8, 7.7, 9.6, 13.7, 2.7, 12.8, 0.0, 1.8, 2.9, 8.9, 7.9, 3.8, 4.7, 8.8, 9.8, 0.9, 6.7, 6.9, 0.8, 4.8, 7.8, 2.8, 12.7, 6.8, 9.7, 4.9, 11.9, 14.8, 3.9, 10.6, 10.8, 5.9, 14.7]
Cost improvement count: [32, 2, 106, 3, 5, 1, 7, 3, 2, 1, 1, 4, 262, 13, 148, 16, 30, 26, 2, 27, 8, 29, 3, 5, 8, 33, 13, 6, 1, 12, 2, 49, 1, 1, 38, 1, 10, 88, 1]

==================================
A matrices:
(T = 1)
10×10 Matrix{Float64}:
 -1.0         -0.823467    0.435976    0.0493694   -0.310964  -0.363629   -0.587735   -0.204535   -0.450041   -0.240706
 -0.308142    -1.0        -0.593979   -1.0461      -0.133005  -0.301722   -0.839869    0.359875   -0.120068   -0.620025
 -0.794276    -0.424155   -1.0        -0.442899    -0.720291  -0.055336   -0.626264   -0.357788   -0.0485225  -0.202413
  0.0307623   -0.683364   -0.226355   -1.0         -1.14896   -0.721123   -0.603203   -0.701497   -0.237939   -0.154488
 -0.439008    -0.700132   -0.683118   -0.601738    -1.0       -0.672514   -0.179135   -0.0589827  -0.341878   -0.650652
 -0.368247    -0.310079    0.0342261   0.00926504  -0.413917  -1.0        -0.640088   -0.441059    0.0358009  -0.872001
 -0.108144     0.0991597  -0.264855   -0.543227    -0.345161  -0.0281161  -1.0        -0.0568597   0.210253    0.266302
 -0.615778    -0.198911   -0.630528   -0.140652    -0.209207  -0.5404     -0.84219    -1.0         0.215114   -0.218678
 -0.284859     0.500211   -0.689137    0.02558     -0.511758  -0.483823    0.0282382   0.0451958  -1.0        -0.0562164
  0.00207014  -0.37854    -0.536595    0.0635264   -0.180834  -0.521461   -0.358194   -0.820091   -0.268996   -1.0

==================================
r vectors:
(T = 1)
10-element Vector{Float64}:
 1.849978824658773
 2.390656312666545
 1.8854729120396554
 2.4151938880638255
 2.2294347351416217
 1.9078881363524918
 2.5752232339255827
 1.9904304275255316
 1.8059131636781942
 1.563336563140726
