==================================
Setup:
N: 10
T: 1
add: 1.0
del: 3.0
nat: 0.1
temp: 5.0
Source: Generated
A parameters: Normal{Float64}(μ=-0.34957337852079434, σ=0.317489533866379)
r parameters: Normal{Float64}(μ=2.0900457675864015, σ=0.34374938386010706)
portion: 1.0
scaling: 1.0

==================================
Statistics:
Proportion of candidate states: 0.2578125
Candidate states: 264
Total states: 1024
Total candidate pairs evaluated: 1000
Total natural transitions: 724

Path length diff avg: -0.371
Path length diff val: [0, -1, 2, -3, -2, -4, 3, 1]
Path length diff count: [515, 209, 28, 38, 99, 5, 4, 102]

Cost improvement avg: 3.710799999999999
Cost improvement val: [9.6, 3.8, 8.8, 6.9, 7.8, 6.8, 4.9, 14.8, 10.9, 8.7, 12.8, 9.8, 2.9, 7.9, 6.6, 1.9, 13.8, 11.8, 2.7, 0.0, 8.9, 0.9, 0.8, 4.8, 2.8, 12.7, 7.6, 3.9, 5.9, 5.8, 11.7, 3.7, 5.7, 7.7, 1.8, 10.7, 4.7, 11.6, 6.7, 9.7, 11.9, 10.8, 14.7, 17.7]
Cost improvement count: [1, 30, 19, 5, 30, 27, 79, 1, 3, 6, 2, 9, 116, 18, 1, 109, 6, 4, 1, 257, 15, 26, 6, 37, 14, 1, 2, 31, 50, 36, 3, 1, 8, 3, 5, 5, 1, 1, 6, 2, 2, 18, 2, 1]

==================================
A matrices:
(T = 1)
10×10 Matrix{Float64}:
 -1.0        -0.252726   -1.43613    -0.710623    -0.224892     0.195589   0.435594   -0.4916     -0.349236    -0.275229
 -0.0945201  -1.0         0.218309   -0.274654    -0.607232    -0.495727  -0.891552   -0.443292   -0.377751    -0.83812
 -0.745935   -0.794619   -1.0        -0.51142      0.00529786  -0.328814  -0.651874   -0.602457   -0.477327     0.181778
 -0.806559   -0.390241    0.0687344  -1.0         -0.149033    -0.340039  -0.266491   -1.3507     -0.00677132  -0.773783
 -0.724988   -0.819998    0.0838657  -0.00466252  -1.0         -1.04175   -0.256467    0.0479331  -0.605678    -0.370801
  0.0124961  -0.164822   -0.501693   -0.513019    -0.929871    -1.0       -0.0698631  -0.745351   -0.213852    -0.139258
 -0.705057    0.142819   -0.189649   -0.645455    -0.499451    -0.308471  -1.0        -0.64126    -0.178801    -0.576796
 -1.08252    -0.123414   -0.0146027  -0.760689    -0.655094    -0.179922  -0.317745   -1.0        -0.252382    -0.172674
  0.135275   -0.109651   -0.101582    0.236821     0.0191891   -0.329076  -0.496029   -0.700566   -1.0         -1.01897
 -0.316197    0.0412882  -0.583487   -0.244728    -0.266681    -0.60164   -0.304337   -0.700709   -0.07127     -1.0

==================================
r vectors:
(T = 1)
10-element Vector{Float64}:
 2.1922204886730574
 2.093692328491564
 2.1701948478144906
 1.9912000571656072
 1.9475145860419616
 2.3730844012292303
 1.7828767127956489
 1.8119998321891138
 1.236317099498857
 1.6102433456172602
