==================================
Setup:
N: 10
T: 1
add: 1.0
del: 3.0
nat: 0.1
temp: 5.0
Source: Generated
A parameters: Normal{Float64}(μ=-0.34957337852079434, σ=0.317489533866379)
r parameters: Normal{Float64}(μ=2.0900457675864015, σ=0.34374938386010706)
portion: 1.0
scaling: 1.0

==================================
Statistics:
Proportion of candidate states: 0.216796875
Candidate states: 222
Total states: 1024
Total candidate pairs evaluated: 1000
Total natural transitions: 800

Path length diff avg: -0.476
Path length diff val: [0, -5, -1, 2, -3, -2, -4, 3, 1]
Path length diff count: [536, 4, 185, 23, 49, 105, 12, 1, 85]

Cost improvement avg: 3.057599999999999
Cost improvement val: [1.7, 5.8, 11.7, 1.9, 3.7, 8.7, 5.7, 13.8, 11.8, 2.7, 12.8, 0.0, 1.8, 2.9, 8.9, 7.9, 3.8, 4.7, 8.8, 9.8, 0.9, 6.7, 6.9, 0.8, 4.8, 7.8, 2.8, 12.7, 15.7, 6.8, 9.7, 4.9, 3.9, 16.8, 10.8, 5.9]
Cost improvement count: [2, 27, 3, 121, 3, 1, 5, 1, 8, 2, 1, 265, 8, 178, 14, 3, 38, 6, 11, 7, 33, 1, 6, 19, 26, 21, 19, 1, 1, 14, 7, 59, 15, 1, 4, 69]

==================================
A matrices:
(T = 1)
10×10 Matrix{Float64}:
 -1.0       -0.643463     0.0345783  -0.523848   0.0372181  -0.595037  -0.525946   -0.450139  -0.555287  -1.11456
 -0.525602  -1.0         -0.219711   -0.762156  -0.271953   -0.276729  -0.199166   -0.422559  -0.5475     0.114896
 -0.177582  -0.665682    -1.0        -0.46544   -0.0443704  -0.993688   0.159651   -0.615031  -0.462224  -0.788845
 -0.811489  -0.727154    -0.118771   -1.0       -0.304989   -0.29516   -0.2665     -0.854695  -0.3306    -0.218921
  0.139694  -0.427352    -0.263986   -0.519344  -1.0        -0.769281   0.16959    -0.588543  -0.743942  -0.113529
 -0.594037  -0.298328    -0.388593   -0.74226   -0.0929822  -1.0       -0.579532   -0.886152   0.360365  -0.179673
 -0.125263  -0.277903    -0.429044   -0.167112  -0.448739   -0.643645  -1.0        -0.309016  -0.396112  -0.140416
 -0.575647  -0.932881     0.0665921  -0.428065  -0.269876   -0.250714  -0.841299   -1.0       -0.164841  -0.457399
 -0.447121  -0.00500454  -0.616092   -0.134853  -0.381039   -0.622718   0.0046073  -0.231701  -1.0        0.129786
 -0.223213  -0.0677565   -0.554546   -0.368808  -0.132518   -0.736413  -0.755297   -0.507361  -0.82825   -1.0

==================================
r vectors:
(T = 1)
10-element Vector{Float64}:
 1.6269796123913354
 1.9692708059025439
 1.9831291232418136
 1.9698694862607247
 2.2085503933466883
 2.717529362884306
 1.989878604646677
 2.113021693083246
 2.628812392966936
 1.529726005380212
