==================================
Setup:
N: 10
T: 1
add: 1.0
del: 3.0
nat: 0.1
temp: 5.0
Source: Generated
A parameters: Normal{Float64}(μ=-0.34957337852079434, σ=0.317489533866379)
r parameters: Normal{Float64}(μ=2.0900457675864015, σ=0.34374938386010706)
portion: 1.0
scaling: 1.0

==================================
Statistics:
Proportion of candidate states: 0.1904296875
Candidate states: 195
Total states: 1024
Total candidate pairs evaluated: 1000
Total natural transitions: 829

Path length diff avg: -0.246
Path length diff val: [0, -1, 2, -3, -2, -4, 3, 1]
Path length diff count: [589, 143, 31, 22, 85, 13, 3, 114]

Cost improvement avg: 2.8436000000000003
Cost improvement val: [5.8, 1.9, 3.7, 8.7, 5.7, 11.8, 12.6, 2.7, 0.0, 1.8, 2.9, 8.9, 7.9, 3.8, 4.7, 8.8, 9.8, 0.9, 10.7, 6.7, 0.8, 4.8, 7.8, 2.8, 6.8, 11.9, 4.9, 3.9, 10.8, 5.9]
Cost improvement count: [18, 96, 1, 1, 2, 3, 1, 8, 310, 6, 192, 28, 8, 24, 1, 8, 1, 45, 1, 5, 8, 22, 16, 10, 13, 3, 59, 12, 4, 94]

==================================
A matrices:
(T = 1)
10×10 Matrix{Float64}:
 -1.0        -0.0650651  -0.550493   0.0147464  -0.593813  -0.656573   -0.73936    -0.394496   -0.475489   -0.862854
 -0.156965   -1.0        -0.309497  -0.932551   -0.456753  -0.0117995  -0.863237   -0.479294   -0.238879   -0.584527
 -0.32865    -0.356886   -1.0       -1.14126    -0.128292   0.486347   -0.395359   -0.616075    0.244939   -0.647666
 -0.639082   -0.0633691  -0.173781  -1.0        -0.68422   -0.190702   -0.722813   -0.769903   -0.1444     -0.510531
 -0.412917   -0.823343    0.277682   0.0470456  -1.0       -0.880298   -0.400026   -0.159377   -0.440043   -0.599125
 -0.161771    0.0706789  -0.542915  -0.532182   -0.664386  -1.0        -0.233401   -0.70542    -0.24123    -0.337914
 -0.0292488  -0.0442803   0.254655  -0.632872   -0.577373  -0.176335   -1.0        -0.451911   -0.472869   -0.320258
 -0.408177   -0.0376193  -0.334806  -0.175016   -0.231759  -0.641343   -0.0895122  -1.0        -0.0773158  -0.168601
 -0.855039   -0.410358   -0.534767  -0.330924   -0.396329  -0.393032   -0.861485   -0.0962321  -1.0        -0.0762947
 -0.180261   -0.874692   -0.4469    -0.568329   -0.422198  -0.721409   -0.447883   -0.523673   -0.443654   -1.0

==================================
r vectors:
(T = 1)
10-element Vector{Float64}:
 2.3079022631950608
 2.085845439996202
 2.1743090729548724
 1.1198768807653057
 1.884404914482566
 2.327336699274197
 2.3840134845490613
 1.272625636346963
 1.6942778591861647
 2.338740901137781
