==================================
Setup:
N: 10
T: 1
add: 1.0
del: 3.0
nat: 0.1
temp: 5.0
Source: Generated
A parameters: Normal{Float64}(μ=-0.34957337852079434, σ=0.317489533866379)
r parameters: Normal{Float64}(μ=2.0900457675864015, σ=0.34374938386010706)
portion: 1.0
scaling: 1.0

==================================
Statistics:
Proportion of candidate states: 0.1787109375
Candidate states: 183
Total states: 1024
Total candidate pairs evaluated: 1000
Total natural transitions: 841

Path length diff avg: -0.315
Path length diff val: [-3, -6, 1, 0, -5, -1, -2, 3, 4, 2, -4]
Path length diff count: [32, 1, 103, 578, 2, 167, 91, 1, 1, 22, 2]

Cost improvement avg: 3.0522000000000005
Cost improvement val: [1.7, 5.8, 1.9, 3.7, 8.7, 5.7, 11.8, 7.7, 0.7, 0.0, 1.8, 2.9, 8.9, 7.9, 3.8, 4.7, 8.8, 9.8, 0.9, 10.7, 6.7, 6.9, 0.8, 14.9, 4.8, 7.8, 2.8, 6.8, 9.7, 4.9, 14.8, 3.9, 10.9, 5.6, 10.8, 5.9, 14.7]
Cost improvement count: [2, 31, 98, 3, 1, 2, 3, 4, 1, 290, 6, 173, 16, 6, 39, 2, 24, 1, 34, 4, 5, 1, 11, 1, 23, 19, 15, 24, 3, 64, 1, 16, 2, 1, 2, 71, 1]

==================================
A matrices:
(T = 1)
10×10 Matrix{Float64}:
 -1.0        -0.303711   -0.43972   -0.308875   -0.829521   -0.682958    0.0591645  -0.137527  -0.536337    -0.314111
 -0.23295    -1.0        -0.921235  -0.574718   -0.895937   -0.406875   -0.351236   -0.499194  -0.913653    -0.102813
 -0.161036    0.0576464  -1.0        0.0395728  -0.512232   -0.123927   -0.489647   -0.292524  -0.251019    -0.124313
 -0.909907   -0.109425   -0.465984  -1.0        -0.216926   -0.450665   -0.602779   -0.485006   0.181892    -0.415726
 -0.77753    -0.0963993  -0.800134  -0.544581   -1.0         0.272372   -0.53907    -0.803475   0.00435093  -0.851461
  0.0223408  -0.626536   -0.577212  -0.657685   -0.485788   -1.0        -0.60889    -0.603341  -0.448728    -0.442345
 -0.649831   -0.98835    -0.287881  -0.555224    0.185781   -0.844661   -1.0        -0.646057  -0.521864    -0.22341
 -0.829349   -0.112932   -0.219066  -0.0277821  -0.572062   -0.57622    -0.367802   -1.0       -0.182165    -0.720624
 -0.528826   -0.536174   -0.605679  -0.371752    0.0643484   0.0440672  -0.172539    0.466486  -1.0         -0.392606
 -0.378369   -0.833902   -0.341026  -1.23602    -0.224517    0.170102   -0.556261   -0.370591  -0.262615    -1.0

==================================
r vectors:
(T = 1)
10-element Vector{Float64}:
 1.790340553102154
 2.337825907257968
 2.150603883911196
 2.447360704929169
 2.0592938649276755
 1.8138675897432441
 1.7455184540222497
 2.9291347498464173
 2.500284532726029
 1.6774441531294046
