==================================
Setup:
N: 10
T: 1
add: 1.0
del: 3.0
nat: 0.1
temp: 5.0
Source: Generated
A parameters: Normal{Float64}(μ=-0.34957337852079434, σ=0.317489533866379)
r parameters: Normal{Float64}(μ=2.0900457675864015, σ=0.34374938386010706)
portion: 1.0
scaling: 1.0

==================================
Statistics:
Proportion of candidate states: 0.3544921875
Candidate states: 363
Total states: 1024
Total candidate pairs evaluated: 1000
Total natural transitions: 659

Path length diff avg: -0.506
Path length diff val: [0, -5, -1, 2, -3, -2, -4, 3, 1]
Path length diff count: [499, 4, 172, 22, 61, 126, 9, 3, 104]

Cost improvement avg: 3.5402000000000005
Cost improvement val: [1.7, 9.6, 3.8, 8.8, 6.9, 7.8, 8.6, 6.8, 4.9, 10.6, 10.9, 8.7, 12.8, 0.7, 9.8, 2.9, 7.9, 6.6, 4.6, 1.9, 13.8, 11.8, 2.7, 0.0, 8.9, 0.9, 0.8, 4.8, 2.8, 12.7, 7.6, 3.9, 5.9, 5.8, 11.7, 3.7, 5.7, 7.7, 13.7, 1.8, 10.7, 4.7, 11.6, 6.7, 9.7, 11.9, 10.8, 14.7]
Cost improvement count: [2, 1, 33, 22, 1, 27, 5, 34, 58, 2, 1, 5, 1, 1, 2, 137, 15, 1, 2, 72, 1, 3, 2, 248, 17, 40, 17, 31, 16, 1, 1, 21, 61, 46, 2, 3, 14, 7, 1, 16, 1, 7, 1, 5, 2, 3, 10, 1]

==================================
A matrices:
(T = 1)
10×10 Matrix{Float64}:
 -1.0       -0.629916  -0.568163  -0.703531   -0.257896   -0.279292    -0.250373   -0.422473   -0.0453663   0.125476
 -0.655892  -1.0        0.204997  -0.705817   -0.198953   -0.0652057   -0.386395   -0.635095   -0.481644   -0.165673
 -0.26131   -0.380856  -1.0       -0.447515   -0.34738     0.00697153  -0.0322481  -0.948197    0.0764509  -0.285394
 -0.195224   0.47152   -0.193878  -1.0        -0.0601944  -0.590057    -0.364171   -0.27474    -0.622565   -0.712891
 -0.383387  -0.126434  -0.504545  -0.571482   -1.0        -0.669951    -0.409602   -0.144435    0.159432    0.217402
 -0.297678  -0.543701  -0.432107  -0.502555    0.0825351  -1.0         -0.346414   -0.651883   -0.569673   -0.342275
  0.143838   0.162044  -0.568254  -0.356357   -0.351088   -0.297905    -1.0        -0.338286   -0.55627    -0.714406
 -0.876936  -0.596584   0.124937   0.0617428   0.462309   -0.186499    -0.311648   -1.0        -0.0546978   0.143457
  0.136171  -0.741736  -0.218793  -0.305637    0.041887   -0.165425    -0.671185   -0.396691   -1.0        -0.886793
 -0.874648  -0.540586  -0.771325  -0.0378926  -0.264034   -0.108764    -0.340651    0.0158115  -1.19521    -1.0

==================================
r vectors:
(T = 1)
10-element Vector{Float64}:
 1.8026021063280238
 1.615644649259256
 2.1200117068485373
 1.8298996198523385
 2.669596812018082
 1.8948330298470313
 1.8345660373931318
 1.41767235377327
 1.6607651580613987
 2.287181756014542
