==================================
Setup:
N: 10
T: 1
add: 1.0
del: 3.0
nat: 0.1
temp: 5.0
Source: Generated
A parameters: Normal{Float64}(μ=-0.34957337852079434, σ=0.317489533866379)
r parameters: Normal{Float64}(μ=2.0900457675864015, σ=0.34374938386010706)
portion: 1.0
scaling: 1.0

==================================
Statistics:
Proportion of candidate states: 0.34375
Candidate states: 352
Total states: 1024
Total candidate pairs evaluated: 1000
Total natural transitions: 672

Path length diff avg: -0.419
Path length diff val: [-3, -6, 1, 0, -5, -1, -2, -8, 2, -10, -4]
Path length diff count: [33, 1, 78, 646, 4, 102, 108, 2, 12, 1, 13]

Cost improvement avg: 2.6326
Cost improvement val: [1.7, 5.8, 11.7, 1.9, 3.7, 8.7, 5.7, 11.8, 7.7, 13.7, 2.7, 0.7, 0.0, 1.8, 2.9, 8.9, 7.9, 3.8, 4.7, 8.8, 9.8, 0.9, 10.7, 6.7, 6.9, 0.8, 4.8, 7.8, 1.4, 0.5, 2.8, 12.7, 6.8, 9.7, 4.9, 5.4, 3.9, 10.9, 2.6, 3.6, 5.9, 10.8]
Cost improvement count: [1, 32, 1, 54, 3, 3, 2, 2, 1, 1, 3, 2, 349, 22, 214, 8, 2, 31, 4, 11, 3, 27, 4, 9, 6, 19, 25, 20, 1, 1, 7, 1, 7, 1, 37, 1, 18, 2, 1, 1, 61, 2]

==================================
A matrices:
(T = 1)
10×10 Matrix{Float64}:
 -1.0         0.0181032  -0.57466    -0.580998   -0.834642    -0.567346  -0.234988   -0.619239   0.00835193  -0.147948
 -1.14956    -1.0        -0.415745   -0.148458    0.0538752   -0.432236  -0.679612   -0.169145   0.064708     0.187339
  0.309157   -0.427235   -1.0        -0.131322   -0.259876    -0.483502  -0.476984   -0.71461    0.183396    -0.260869
 -0.65857    -0.326755   -0.237094   -1.0        -0.544515    -0.628392   0.0381225  -0.225374  -0.54925     -0.782723
 -0.381832   -0.512385   -0.451288   -0.193107   -1.0         -0.116324  -0.597549   -0.665106  -0.412756    -0.000663022
 -0.839305   -0.851283    0.0866625  -0.29982    -0.699572    -1.0       -0.175524   -0.356654  -0.3383      -0.143954
 -0.317573   -0.187127   -0.240832    0.0439798  -0.57866     -0.451616  -1.0        -0.73299   -0.431886    -0.343435
 -0.3502     -0.574125   -0.53867    -0.733877   -0.503299    -0.502827  -0.246477   -1.0        0.0251004   -0.0266824
 -0.0292932  -0.719797   -0.154972   -0.449318   -0.00703205  -0.521125  -0.670741   -0.434824  -1.0          0.190463
 -0.0815415  -0.486854   -0.152081   -0.116578   -0.283249    -0.106958  -0.0171555  -0.427183  -0.105205    -1.0

==================================
r vectors:
(T = 1)
10-element Vector{Float64}:
 1.7053660090860043
 2.5360637431655584
 2.2528734291416126
 2.681816405986541
 2.7137456433838194
 1.874084080375785
 2.1086303866594456
 1.8359836243992687
 1.9321068545810491
 1.614931467538817
