==================================
Setup:
N: 10
T: 1
add: 1.0
del: 3.0
nat: 0.1
temp: 5.0
Source: Generated
A parameters: Normal{Float64}(μ=-0.34957337852079434, σ=0.317489533866379)
r parameters: Normal{Float64}(μ=2.0900457675864015, σ=0.34374938386010706)
portion: 1.0
scaling: 1.0

==================================
Statistics:
Proportion of candidate states: 0.2919921875
Candidate states: 299
Total states: 1024
Total candidate pairs evaluated: 1000
Total natural transitions: 722

Path length diff avg: -0.401
Path length diff val: [0, 4, -5, -1, 2, -3, -2, -4, 3, 1]
Path length diff count: [529, 2, 1, 177, 19, 43, 114, 7, 6, 102]

Cost improvement avg: 3.4165000000000005
Cost improvement val: [5.8, 11.7, 1.9, 3.7, 8.7, 5.7, 13.8, 17.8, 11.8, 7.7, 2.7, 0.7, 0.0, 1.8, 2.9, 8.9, 7.9, 3.8, 4.7, 8.8, 9.8, 0.9, 10.7, 6.7, 6.9, 0.8, 14.9, 4.8, 7.8, 2.8, 4.6, 8.6, 6.8, 9.7, 4.9, 11.9, 14.8, 3.9, 10.9, 10.8, 5.9]
Cost improvement count: [41, 2, 86, 6, 3, 5, 2, 1, 4, 3, 3, 2, 256, 10, 138, 12, 14, 42, 2, 10, 4, 32, 3, 11, 3, 15, 1, 30, 26, 13, 1, 1, 27, 7, 74, 5, 1, 26, 1, 5, 72]

==================================
A matrices:
(T = 1)
10×10 Matrix{Float64}:
 -1.0         0.247169    -0.566152    0.137592   -0.630665   -1.06731   -0.19113   -0.6391      0.0960212   -0.359386
 -0.188973   -1.0          0.27448    -0.196454   -0.446381   -0.711693  -0.347752  -0.385346    0.00726525  -0.150924
 -0.241471    0.191416    -1.0        -0.767528   -0.0159491  -0.174294   0.314726  -0.414355   -0.475218    -0.100541
 -1.02103    -0.479939    -0.448018   -1.0        -0.280646   -0.615472  -0.456786  -1.03413    -0.399539    -0.315101
 -0.439907   -0.611664    -0.0366178  -0.488503   -1.0        -0.434113   0.175108  -0.132461   -1.0651       0.211573
 -0.824403   -0.544104    -0.450714   -0.384513   -0.473208   -1.0       -0.043464  -0.117035   -0.281926    -0.520158
 -0.0904021   0.00107188  -0.676741    0.426501   -0.461383    0.238053  -1.0        0.0737662  -0.0309822   -0.370619
 -0.391278   -0.376653    -0.124046   -0.689879   -0.347774   -0.695912  -0.974398  -1.0         0.136462    -0.758715
 -0.0996993  -0.111721    -0.607434   -0.0297495  -0.45496    -0.185587  -0.428456  -0.567939   -1.0         -0.79945
 -0.272102   -0.574368    -0.576121   -0.218035   -0.670522   -0.567113  -0.24464   -0.256528   -0.345896    -1.0

==================================
r vectors:
(T = 1)
10-element Vector{Float64}:
 2.0571832670922054
 2.4311713956856043
 2.149046514690048
 1.9663316425186106
 2.2209636945192077
 1.9911876683433372
 1.864081513102791
 2.3968069208990324
 2.2498654312257464
 2.427612618986107
