==================================
Setup:
N: 10
T: 1
add: 1.0
del: 3.0
nat: 0.1
temp: 5.0
Source: Generated
A parameters: Normal{Float64}(μ=-0.34957337852079434, σ=0.317489533866379)
r parameters: Normal{Float64}(μ=2.0900457675864015, σ=0.34374938386010706)
portion: 1.0
scaling: 1.0

==================================
Statistics:
Proportion of candidate states: 0.2265625
Candidate states: 232
Total states: 1024
Total candidate pairs evaluated: 1000
Total natural transitions: 792

Path length diff avg: -0.479
Path length diff val: [0, -5, -1, 2, -3, -6, -4, -2, 3, 1]
Path length diff count: [583, 6, 157, 12, 50, 3, 16, 87, 2, 84]

Cost improvement avg: 2.9371
Cost improvement val: [1.7, 9.6, 3.8, 8.8, 7.8, 8.6, 6.8, 4.9, 14.8, 8.7, 12.8, 0.7, 9.8, 2.9, 7.9, 4.6, 1.9, 11.8, 2.7, 0.0, 8.9, 0.9, 0.8, 4.8, 2.8, 12.7, 3.9, 2.6, 5.9, 5.8, 3.7, 5.7, 7.7, 13.7, 12.6, 1.8, 10.7, 4.7, 6.7, 9.7, 1.6, 10.8]
Cost improvement count: [3, 1, 29, 8, 17, 1, 15, 41, 2, 2, 1, 2, 5, 219, 6, 1, 79, 3, 6, 283, 9, 31, 14, 46, 9, 1, 19, 1, 66, 26, 6, 10, 4, 1, 2, 12, 2, 7, 4, 3, 1, 2]

==================================
A matrices:
(T = 1)
10×10 Matrix{Float64}:
 -1.0       -0.627069   -0.185704  -0.390683  -0.642685  -0.140191  -0.426118     0.181709   -0.724694  -0.533213
 -0.391677  -1.0        -0.504356  -0.18608   -0.471664  -0.484789  -0.125317    -0.759435    0.286277  -0.293688
 -0.051242  -0.767978   -1.0       -0.766129  -0.377497  -0.751369  -0.00383813  -0.940511    0.160727   0.0634825
 -0.153135  -0.737596    0.157435  -1.0       -0.535931  -0.376444  -0.835307    -0.0448734   0.16568    0.0016527
 -0.215777  -0.326506   -0.892931  -0.55162   -1.0       -0.484773  -0.371048    -0.579506   -0.499138  -0.773597
 -0.990541  -0.460651   -0.674111  -0.176322  -0.218051  -1.0       -0.47101     -0.291902    0.125896  -0.0448919
 -0.338955  -0.235641   -0.655767  -0.490795  -0.465839  -0.281385  -1.0         -0.983175   -0.828627  -0.539767
 -0.33364   -0.223074   -0.796107  -0.124173  -0.227259  -0.725543  -0.0165698   -1.0        -0.401364  -0.148247
 -1.17016   -0.97434     0.269439  -0.544476  -0.761032  -0.532183  -0.0157643   -0.204089   -1.0       -0.711515
 -0.280691   0.0128501  -0.531642  -0.496387  -0.395692  -0.46506   -0.186141    -0.48777    -0.552992  -1.0

==================================
r vectors:
(T = 1)
10-element Vector{Float64}:
 2.3894508771116296
 2.156697192764885
 1.7095253289024654
 2.518470893619419
 1.6882939779674824
 1.9899417936772217
 2.2426924090707043
 1.848986605768573
 1.950886844198378
 1.9526506196132403
