==================================
Setup:
N: 10
T: 1
add: 1.0
del: 3.0
nat: 0.1
temp: 5.0
Source: Generated
A parameters: Normal{Float64}(μ=-0.34957337852079434, σ=0.317489533866379)
r parameters: Normal{Float64}(μ=2.0900457675864015, σ=0.34374938386010706)
portion: 1.0
scaling: 1.0

==================================
Statistics:
Proportion of candidate states: 0.2998046875
Candidate states: 307
Total states: 1024
Total candidate pairs evaluated: 1000
Total natural transitions: 715

Path length diff avg: -0.443
Path length diff val: [0, -5, -1, 2, -3, -2, -4, 1]
Path length diff count: [553, 2, 190, 12, 29, 113, 11, 90]

Cost improvement avg: 3.1216999999999997
Cost improvement val: [1.7, 5.8, 1.9, 3.7, 8.7, 5.7, 13.8, 11.8, 7.7, 2.7, 0.7, 0.0, 1.8, 2.9, 8.9, 7.9, 3.8, 4.7, 8.8, 9.8, 0.9, 10.7, 6.7, 0.8, 4.8, 7.8, 2.8, 6.8, 9.7, 4.9, 3.9, 2.6, 10.8, 5.9]
Cost improvement count: [1, 36, 83, 2, 2, 4, 3, 4, 6, 5, 2, 273, 13, 176, 5, 8, 39, 7, 19, 7, 40, 1, 9, 4, 27, 18, 18, 30, 4, 49, 38, 1, 9, 57]

==================================
A matrices:
(T = 1)
10×10 Matrix{Float64}:
 -1.0         0.0987774  -0.51488     0.062294  -0.117118   -0.271669   -0.808244   -0.451609    0.0546428   -0.281171
 -0.26675    -1.0         0.0211026  -0.863639  -0.699903   -0.731409   -0.563357   -0.461304   -0.815714    -0.688747
 -0.428449   -0.448388   -1.0        -0.388651   0.261068   -0.365695   -0.0989239  -0.136281    0.512805    -0.459173
  0.0104975  -0.318363    0.704815   -1.0        0.0877879  -0.583295    0.267772   -1.01808    -0.4246      -0.0322869
 -0.849488   -0.0738753  -0.304778   -0.600734  -1.0        -0.665431   -0.574467   -0.302583   -0.0604959   -0.341145
 -0.63528    -0.28186    -0.758172   -0.209198  -0.197552   -1.0        -0.758603   -0.521364   -0.405059    -0.116985
 -0.528583   -0.650899   -0.933138   -0.670394  -0.273608   -0.490856   -1.0         0.176097   -0.480307    -0.594519
 -0.675942   -0.482409   -0.843452   -0.195286  -0.206791   -0.0391718  -0.303512   -1.0        -0.487272     0.0802957
 -0.370093   -0.102789   -0.0009579  -0.326713  -0.333323   -0.601921   -0.0816868  -0.286452   -1.0         -1.0189
 -0.220189   -0.331326   -0.145207   -0.744689  -0.140458   -0.0801315  -0.369834   -0.0697444   0.00667025  -1.0

==================================
r vectors:
(T = 1)
10-element Vector{Float64}:
 2.101664720737272
 2.4675008542805594
 2.0723360517270337
 1.9538704382903276
 2.311261422570986
 2.0603968115220033
 2.2616595557818684
 1.7746322471415596
 2.6008331490933854
 1.9141698254969592
