==================================
Setup:
N: 10
T: 1
add: 1.0
del: 3.0
nat: 0.1
temp: 5.0
Source: Generated
A parameters: Normal{Float64}(μ=-0.34957337852079434, σ=0.317489533866379)
r parameters: Normal{Float64}(μ=2.0900457675864015, σ=0.34374938386010706)
portion: 1.0
scaling: 1.0

==================================
Statistics:
Proportion of candidate states: 0.1650390625
Candidate states: 169
Total states: 1024
Total candidate pairs evaluated: 1000
Total natural transitions: 855

Path length diff avg: -0.212
Path length diff val: [0, 4, -1, 2, -3, -2, -4, 3, 1]
Path length diff count: [496, 2, 192, 37, 24, 90, 3, 3, 153]

Cost improvement avg: 3.735700000000001
Cost improvement val: [5.8, 1.9, 3.7, 8.7, 5.7, 17.8, 11.8, 7.7, 2.7, 0.0, 1.8, 2.9, 8.9, 7.9, 3.8, 4.7, 8.8, 9.8, 0.9, 14.9, 6.7, 0.8, 4.8, 7.8, 2.8, 6.8, 9.7, 4.9, 11.9, 3.9, 10.9, 16.8, 10.8, 5.9]
Cost improvement count: [30, 100, 2, 2, 4, 1, 6, 1, 1, 228, 8, 140, 30, 15, 48, 1, 25, 2, 21, 1, 4, 6, 30, 30, 9, 38, 2, 74, 2, 20, 1, 1, 13, 104]

==================================
A matrices:
(T = 1)
10×10 Matrix{Float64}:
 -1.0         -0.465186  -0.511479   -0.685983    -0.181111    -0.0958316  -0.829987   0.0979587  -0.199575  -0.759985
 -0.253808    -1.0       -0.600345   -0.104839    -0.594527    -0.641405   -0.649888  -0.385761   -0.139357  -0.720212
 -0.953717    -0.375458  -1.0        -1.01117     -0.938889    -0.410616   -0.526533  -0.509879   -0.86136   -0.282527
  0.284916    -0.509777  -0.795768   -1.0         -0.520921     0.0432582  -0.494951  -0.424683   -0.516685  -0.240652
 -0.0244346   -0.275804  -0.542071   -0.167514    -1.0         -0.180777   -0.469466  -0.0846127  -0.995926  -0.38795
 -0.450625    -0.261861  -0.530641   -0.161684    -0.276457    -1.0        -0.128831  -0.689747   -0.791307  -0.199649
 -0.00798026   0.254858  -0.0564492  -0.523918    -0.626376    -0.541668   -1.0       -0.2983     -0.527438  -0.274894
  0.0877043   -0.69369    0.142027   -0.241065     0.00138545  -0.0557075  -0.806604  -1.0        -0.564051  -0.520814
 -0.867167    -0.092242  -0.124333   -0.530938    -0.259046    -0.0897726  -0.265981  -0.522523   -1.0       -0.331568
 -0.336743    -0.29669   -0.0455044  -0.00714572  -0.908072    -0.111261   -0.504516   0.13805    -0.721419  -1.0

==================================
r vectors:
(T = 1)
10-element Vector{Float64}:
 1.4405503508076487
 2.121194007871574
 1.6794725887455155
 1.9350646760243786
 2.4110834403753416
 1.9829331306133777
 1.318400136679848
 1.316625154355463
 2.605856014852362
 2.38152716990431
