==================================
Setup:
N: 10
T: 1
add: 1.0
del: 3.0
nat: 0.1
temp: 5.0
Source: Generated
A parameters: Normal{Float64}(μ=-0.34957337852079434, σ=0.317489533866379)
r parameters: Normal{Float64}(μ=2.0900457675864015, σ=0.34374938386010706)
portion: 1.0
scaling: 1.0

==================================
Statistics:
Proportion of candidate states: 0.2373046875
Candidate states: 243
Total states: 1024
Total candidate pairs evaluated: 1000
Total natural transitions: 778

Path length diff avg: -0.511
Path length diff val: [0, -5, -1, 2, -3, -6, -4, -2, 3, 1]
Path length diff count: [559, 7, 151, 7, 44, 4, 13, 116, 1, 98]

Cost improvement avg: 2.983399999999999
Cost improvement val: [1.7, 5.8, 11.7, 1.9, 3.7, 8.7, 5.7, 13.8, 11.8, 7.7, 9.6, 13.7, 0.7, 0.0, 1.8, 2.9, 8.9, 7.9, 3.8, 4.7, 8.8, 9.8, 0.9, 10.7, 6.7, 6.9, 0.8, 4.8, 7.8, 2.8, 4.6, 8.6, 6.8, 9.7, 4.9, 11.9, 3.9, 5.6, 10.8, 5.9]
Cost improvement count: [4, 34, 3, 80, 4, 2, 7, 1, 2, 5, 1, 1, 3, 294, 15, 187, 4, 2, 50, 4, 19, 1, 34, 2, 3, 8, 8, 36, 25, 17, 1, 1, 27, 1, 28, 1, 9, 1, 5, 70]

==================================
A matrices:
(T = 1)
10×10 Matrix{Float64}:
 -1.0        0.0331283   -0.256852   -0.369753  -0.458102   -0.403584   -0.350325   -0.279732   0.209426  -0.188434
 -0.096209  -1.0         -0.681692   -0.767477   0.194379   -0.399913   -0.457165   -0.135264  -0.39767   -0.297303
 -0.566125  -0.979815    -1.0         0.244305   0.210566   -0.308514   -0.560389    0.141073  -0.703346  -0.44511
 -0.31623   -0.0750292   -0.426949   -1.0       -0.469043   -0.0863333  -0.212519   -0.512925  -0.458951  -0.765063
 -0.302331   0.00708095  -0.297521   -0.604168  -1.0        -0.284814   -0.745654   -0.480798  -0.723926  -0.356052
 -0.277375  -0.677522    -0.281697   -0.59737    0.0565107  -1.0        -0.285543   -0.406214  -0.50258   -0.386701
 -0.455433  -0.310999    -0.496387   -0.477618  -0.153861   -0.606546   -1.0        -0.17845   -0.058381   0.108377
  0.259085  -0.159881     0.127719   -0.273411  -0.578556   -0.173763   -0.282913   -1.0       -0.465991  -0.740753
 -0.545605  -0.52256     -0.0746993  -0.448451  -0.284454   -0.441516    0.0412013  -0.355119  -1.0       -0.23228
 -0.447207  -0.789515    -0.255277   -0.58094   -0.212521   -0.580783    0.23793    -0.733017  -0.127198  -1.0

==================================
r vectors:
(T = 1)
10-element Vector{Float64}:
 1.914358073375324
 2.1525160665698593
 1.8612152226776224
 1.3028524778689299
 1.8632384462367242
 2.6741011752847754
 1.4327008971368382
 2.1013273520304727
 2.536365342043333
 2.1404990163515496
