==================================
Setup:
N: 10
T: 1
add: 1.0
del: 3.0
nat: 0.1
temp: 5.0
Source: Generated
A parameters: Normal{Float64}(μ=-0.34957337852079434, σ=0.317489533866379)
r parameters: Normal{Float64}(μ=2.0900457675864015, σ=0.34374938386010706)
portion: 1.0
scaling: 1.0

==================================
Statistics:
Proportion of candidate states: 0.3740234375
Candidate states: 383
Total states: 1024
Total candidate pairs evaluated: 1000
Total natural transitions: 641

Path length diff avg: -0.463
Path length diff val: [-3, -6, 1, 0, -5, -1, -2, 3, -7, 2, -4]
Path length diff count: [38, 9, 110, 559, 9, 145, 70, 6, 1, 21, 32]

Cost improvement avg: 3.1138999999999997
Cost improvement val: [1.7, 9.6, 3.8, 8.8, 6.9, 7.8, 6.8, 4.9, 14.8, 10.6, 8.7, 0.7, 9.8, 2.9, 7.9, 6.6, 5.6, 3.6, 1.9, 11.8, 0.0, 8.9, 0.9, 0.8, 4.8, 2.8, 12.7, 7.6, 3.9, 2.6, 5.9, 5.8, 3.7, 5.7, 7.7, 1.8, 4.7, 11.6, 6.7, 9.7, 11.9, 10.8, 14.7]
Cost improvement count: [4, 2, 13, 20, 1, 17, 13, 39, 1, 1, 6, 3, 1, 173, 17, 5, 5, 2, 79, 4, 303, 16, 22, 17, 35, 14, 3, 3, 14, 1, 73, 39, 4, 2, 1, 16, 17, 1, 3, 1, 5, 2, 2]

==================================
A matrices:
(T = 1)
10×10 Matrix{Float64}:
 -1.0        -0.411293   -0.245941   -0.0752568  -0.648795   -0.358247   -0.384444  -0.519565   -0.0570392  -0.368899
 -0.259835   -1.0        -0.126577   -0.375309   -0.604856   -0.382033   -0.329847  -0.219897   -0.0727609  -0.219967
 -0.867195   -0.260515   -1.0        -0.101806   -0.0535564   0.0524475  -0.560306  -0.0357463  -0.239749   -0.144484
 -0.144099    0.439558   -0.858791   -1.0        -0.790643   -0.389823   -0.447009  -0.387775   -0.0379709  -0.668765
  0.0161101  -0.199992   -0.673092   -0.707551   -1.0        -0.738672   -0.58187   -0.240311   -0.255526   -0.521794
 -0.051088   -0.553971   -0.264822    0.0775086  -0.878858   -1.0         0.422077  -0.257728   -0.293711    0.132184
 -0.51131    -0.425347   -0.0500196   0.0647615  -0.42558    -0.338738   -1.0       -0.516773    0.112361   -0.969318
 -0.864674   -0.734719   -0.403664   -0.644171   -0.764356   -0.0435295  -0.106092  -1.0        -0.463442   -0.554847
 -0.432023   -0.420322   -0.535047   -0.393971   -0.0544317  -0.517441   -0.58008   -0.241738   -1.0        -0.225764
 -0.556887    0.0665925  -0.50267     0.56269    -0.10379    -0.155384   -0.538484  -0.772      -0.538055   -1.0

==================================
r vectors:
(T = 1)
10-element Vector{Float64}:
 1.7977981823683824
 1.9140729200943034
 2.315511172471433
 2.1454899079925744
 2.115146373700201
 2.3667076264281928
 2.1748898703413584
 2.4019969514330923
 2.1000280511262734
 2.3173517298411355
