==================================
Setup:
N: 10
T: 1
add: 1.0
del: 3.0
nat: 0.1
temp: 5.0
Source: Generated
A parameters: Normal{Float64}(μ=-0.34957337852079434, σ=0.317489533866379)
r parameters: Normal{Float64}(μ=2.0900457675864015, σ=0.34374938386010706)
portion: 1.0
scaling: 1.0

==================================
Statistics:
Proportion of candidate states: 0.28515625
Candidate states: 292
Total states: 1024
Total candidate pairs evaluated: 1000
Total natural transitions: 723

Path length diff avg: -0.514
Path length diff val: [0, -5, -1, 2, -7, -3, -2, -4, 3, 1]
Path length diff count: [525, 4, 177, 24, 1, 42, 137, 10, 1, 79]

Cost improvement avg: 3.5665
Cost improvement val: [9.6, 3.8, 8.8, 6.9, 7.8, 6.8, 4.9, 14.8, 10.6, 10.9, 8.7, 0.7, 9.8, 2.9, 7.9, 4.6, 5.6, 1.9, 13.8, 11.8, 2.7, 0.0, 8.9, 0.9, 0.8, 4.8, 2.8, 12.7, 3.9, 2.6, 5.9, 5.8, 11.7, 3.7, 5.7, 7.7, 13.7, 1.8, 10.7, 4.7, 6.7, 9.7, 10.8, 0.6]
Cost improvement count: [1, 61, 14, 8, 41, 30, 50, 1, 1, 3, 5, 1, 6, 169, 7, 2, 2, 79, 2, 5, 4, 229, 14, 42, 8, 43, 11, 1, 12, 1, 54, 28, 3, 5, 13, 4, 2, 7, 6, 6, 5, 10, 3, 1]

==================================
A matrices:
(T = 1)
10×10 Matrix{Float64}:
 -1.0        -0.478958   0.202539   -0.334885  -0.802467  -0.266033    0.127473  -0.573452   -0.820067    0.146808
 -0.604116   -1.0       -0.26276    -0.292576  -0.381101  -0.36493    -0.560508  -0.525875   -0.277219   -0.712091
 -0.327186   -0.089873  -1.0        -0.022863  -0.402904  -0.115515   -0.642098  -0.535478   -0.522166   -0.131869
 -0.646818   -0.403805  -0.670319   -1.0       -0.245015  -0.281057   -0.467896  -0.492313   -0.0334287  -0.384497
 -1.04262    -0.294925  -0.447471   -0.351963  -1.0       -0.0860718  -0.562103  -1.1151     -0.517799   -0.983026
 -0.598126   -0.508185   0.0672537  -0.286695  -0.399186  -1.0        -0.25769   -0.0948865   0.120404    0.133143
 -0.186625   -0.310445  -0.224761   -0.413073  -0.91149   -0.750808   -1.0        0.0700168  -0.39516    -0.0166241
 -0.0863348  -0.31947   -0.92186    -0.974532  -0.647669  -0.438632   -0.598008  -1.0        -0.355593   -0.0160753
  0.0819114  -0.160908  -0.465208   -0.893494  -0.195183  -0.321433   -0.733406  -1.15868    -1.0        -0.833725
  0.0639959  -0.469962  -0.247911   -0.313222  -0.406793  -0.437794   -0.900385  -0.0679793  -0.175965   -1.0

==================================
r vectors:
(T = 1)
10-element Vector{Float64}:
 2.220385557819009
 2.249022137508984
 1.4972721607727097
 2.3463917818912545
 1.9213030662941062
 2.1557713844250332
 2.121618397113529
 1.8739880363171384
 1.8809092717687645
 1.6126755276362859
