==================================
Setup:
N: 10
T: 1
add: 1.0
del: 3.0
nat: 0.1
temp: 5.0
Source: Generated
A parameters: Normal{Float64}(μ=-0.34957337852079434, σ=0.317489533866379)
r parameters: Normal{Float64}(μ=2.0900457675864015, σ=0.34374938386010706)
portion: 1.0
scaling: 1.0

==================================
Statistics:
Proportion of candidate states: 0.2744140625
Candidate states: 281
Total states: 1024
Total candidate pairs evaluated: 1000
Total natural transitions: 741

Path length diff avg: -0.469
Path length diff val: [0, -5, -1, 2, -3, -6, -4, -2, 3, 1]
Path length diff count: [489, 3, 208, 17, 39, 1, 13, 113, 2, 115]

Cost improvement avg: 3.3495
Cost improvement val: [1.7, 5.8, 11.7, 1.9, 3.7, 8.7, 5.7, 13.8, 11.8, 7.7, 2.7, 0.0, 1.8, 2.9, 8.9, 7.9, 3.8, 4.7, 8.8, 9.8, 0.9, 10.7, 6.7, 6.9, 0.8, 4.8, 7.8, 2.8, 12.7, 6.8, 9.7, 4.9, 11.9, 3.9, 10.8, 5.9]
Cost improvement count: [1, 30, 1, 89, 3, 4, 5, 1, 2, 2, 4, 255, 12, 141, 14, 23, 36, 3, 16, 6, 43, 1, 4, 2, 11, 29, 20, 15, 1, 41, 5, 54, 2, 46, 13, 65]

==================================
A matrices:
(T = 1)
10×10 Matrix{Float64}:
 -1.0        -0.0569397  -0.186431   -0.901181   -0.209648   -0.0719368  -0.748329  -0.844026  -0.662957  -0.0913524
 -0.614989   -1.0        -0.369858   -0.0967911   0.181437   -0.341976    0.035222  -0.306006  -0.413843   0.021471
 -0.177833   -0.398163   -1.0        -0.446754   -0.138652   -0.360511    0.150276  -0.683886  -0.860323  -0.327077
 -0.705775   -0.78823     0.0436355  -1.0        -0.719189   -0.416985   -0.528016  -0.330701  -0.520039  -0.312793
 -0.0208604  -0.59978    -0.626339   -0.18928    -1.0        -0.708902   -0.271389  -0.553927  -0.337974  -0.413666
 -0.239049   -0.0840035  -0.221163   -0.617328   -0.550658   -1.0        -0.536475  -0.940459  -0.64497   -0.388254
 -0.624238   -0.459994   -0.381155   -0.246424   -0.130852   -0.593108   -1.0       -0.29838   -0.643026  -0.0821271
 -0.607307   -0.504374   -0.632244   -0.453871    0.0548499  -0.774564   -0.472557  -1.0       -0.403436   0.229327
 -0.78626    -0.0787862   0.0898217  -0.134983    0.090512   -0.0841953  -1.03199   -0.214964  -1.0       -1.06595
 -0.0653316  -0.238053   -0.385775   -0.513894   -0.851312   -0.433084   -0.419161  -0.471985   0.12663   -1.0

==================================
r vectors:
(T = 1)
10-element Vector{Float64}:
 2.6422955057348885
 2.0940643729282447
 2.437741047836175
 1.762822965744659
 1.7744980210326151
 2.099621458394927
 1.8014009250029988
 2.248616750121173
 1.5880535200335346
 1.9755688875112767
