==================================
Setup:
N: 10
T: 1
add: 1.0
del: 3.0
nat: 0.1
temp: 5.0
Source: Generated
A parameters: Normal{Float64}(μ=-0.34957337852079434, σ=0.317489533866379)
r parameters: Normal{Float64}(μ=2.0900457675864015, σ=0.34374938386010706)
portion: 1.0
scaling: 1.0

==================================
Statistics:
Proportion of candidate states: 0.2060546875
Candidate states: 211
Total states: 1024
Total candidate pairs evaluated: 1000
Total natural transitions: 813

Path length diff avg: -0.343
Path length diff val: [0, -5, -1, 2, -3, -2, -4, 3, 1]
Path length diff count: [565, 2, 152, 26, 36, 101, 9, 2, 107]

Cost improvement avg: 3.3208
Cost improvement val: [1.7, 5.8, 11.7, 1.9, 3.7, 8.7, 5.7, 11.8, 7.7, 9.6, 2.7, 12.8, 0.0, 1.8, 2.9, 8.9, 7.9, 3.8, 4.7, 8.8, 9.8, 0.9, 10.7, 6.7, 6.9, 0.8, 4.8, 7.8, 2.8, 12.7, 6.8, 11.9, 4.9, 3.9, 10.8, 5.9]
Cost improvement count: [1, 21, 1, 73, 3, 3, 6, 3, 5, 2, 4, 1, 268, 9, 186, 23, 10, 38, 3, 15, 10, 29, 1, 8, 5, 14, 26, 25, 13, 3, 25, 2, 60, 20, 8, 76]

==================================
A matrices:
(T = 1)
10×10 Matrix{Float64}:
 -1.0       -0.243567   -0.365649    0.351502  -0.681826    0.117393    -0.681661  -0.580031   -0.464389   -0.70393
  0.314246  -1.0        -0.289213   -0.521997  -0.311824   -0.46028     -0.667984  -0.254571   -0.178164   -0.584075
  0.393285  -0.0158021  -1.0         0.176728  -0.176471   -0.558232     0.193955  -0.49695     0.0991391  -0.383979
 -0.529665  -0.626067   -0.241872   -1.0       -0.244798   -0.215635    -0.703842  -1.15311    -0.311705   -0.547991
 -0.747732  -0.197163   -0.591346   -0.796198  -1.0        -0.00331541  -0.551048  -0.0350525  -0.608817   -0.419458
 -0.560719  -0.712433   -0.118434   -0.661927  -0.492731   -1.0         -0.426662  -0.221145   -0.514974    0.0269297
 -0.209273  -0.522444   -0.0252039  -0.258406  -0.589098   -0.054393    -1.0       -0.242365   -0.0630189  -0.762302
 -0.362736  -0.807889   -0.728967   -0.585714  -0.530248   -0.277311    -0.460482  -1.0         0.0953626  -0.888465
 -0.146784  -0.125291   -0.265469   -0.926989  -0.0378841   0.168542    -0.141213  -1.02495    -1.0        -0.632977
 -0.103434  -0.310541    0.124892    0.269273  -0.990862   -0.0378266   -0.434691  -0.310474    0.0757434  -1.0

==================================
r vectors:
(T = 1)
10-element Vector{Float64}:
 1.631830304443315
 1.7352903660038461
 1.7209726256192874
 2.8206209484875986
 2.3517310970805885
 2.695215054340791
 2.2310600532513507
 1.7013599524369996
 2.1218532724294814
 2.7712967406444093
