==================================
Setup:
N: 11
T: 1
add: 1.0
del: 3.0
nat: 0.1
temp: 5.0
Source: Data set
Data set: Bucci
Species names: ["Barnesiella", "und. Lachnospiraceae", "uncl. Lachnospiraceae", "Other", "Blautia", "und. uncl. Mollicutes", "Akkermansia", "Coprobacillus", "Clostridium difficile", "Enterococcus", "und. Enterobacteriaceae"]
Species label: [1, 2, 3, 4, 5, 6, 7, 8, 9, 10, 11]
Temperature names: [""]
Temperature label: [1]

==================================
Statistics:
Proportion of candidate states: 0.2373046875
Candidate states: 486
Total states: 2048
Total candidate pairs evaluated: 235710
Total natural transitions: 1495

Path length diff avg: -0.4425310763225998
Path length diff val: [-3, -6, 1, 0, -5, -1, -2, 3, -8, -7, 4, 2, -4]
Path length diff count: [10875, 93, 27196, 112690, 570, 45609, 27653, 890, 2, 13, 27, 7190, 2902]

Cost improvement avg: 4.281175172881932
Cost improvement val: [1.7, 19.7, 17.8, 9.6, 3.8, 8.8, 6.9, 7.8, 8.6, 6.8, 8.5, 4.9, 14.8, 10.6, 10.9, 10.5, 12.4, 9.9, 8.7, 13.5, 15.6, 12.8, 0.7, 9.8, 2.9, 7.9, 15.5, 6.6, 16.6, 12.5, 9.5, 4.6, 14.6, 14.5, 11.5, 5.6, 3.6, 13.6, 1.9, 17.6, 13.8, 11.8, 2.7, 0.0, 14.9, 16.5, 8.9, 0.9, 0.8, 4.8, 2.8, 7.5, 12.7, 7.6, 17.5, 3.9, 18.5, 2.6, 16.7, 5.9, 5.8, 15.8, 11.7, 3.7, 5.7, 7.7, 13.7, 12.6, 5.5, 16.4, 1.8, 10.7, 4.7, 11.6, 6.7, 18.7, 15.7, 9.7, 11.9, 13.9, 1.6, 16.8, 10.8, 14.7, 17.7]
Cost improvement count: [148, 13, 13, 111, 8282, 6067, 1526, 8199, 107, 10165, 4, 15217, 211, 103, 497, 7, 1, 161, 1583, 31, 19, 1270, 38, 5232, 33096, 4346, 1, 72, 17, 9, 21, 38, 33, 9, 5, 52, 31, 78, 16407, 10, 883, 1707, 333, 44863, 16, 6, 4519, 7411, 1492, 8513, 4567, 2, 760, 76, 11, 7274, 2, 7, 112, 14385, 10838, 151, 754, 569, 1137, 1217, 288, 69, 5, 1, 2020, 692, 733, 78, 1232, 5, 136, 1095, 515, 25, 4, 125, 3741, 103, 8]

==================================
A matrices:
(T = 1)
11×11 Matrix{Float64}:
 -0.20516    0.098398     0.16739     -0.16461   -0.14341   0.019881  -0.51535   -0.39162   0.34635    0.0088853  -0.26894
  0.062123  -0.10489     -0.043011    -0.15466   -0.1872    0.027031  -0.45919   -0.41388   0.3013     0.022081   -0.19657
  0.14373   -0.19203     -0.10162     -0.13971   -0.16537   0.013651  -0.50414   -0.7724    0.29257   -0.005959   -0.20645
  0.22403    0.13813      0.00045883  -0.83125   -0.2238    0.22027   -0.20529   -1.0097    0.66639   -0.038986   -0.40032
 -0.18016   -0.051261    -5.03e-5     -0.054212  -0.70858   0.016198  -0.50756    0.55363   0.15757    0.22438     0.10635
 -0.11159   -0.03721     -0.042591     0.041044   0.26134  -0.42266   -0.18536   -0.43231   0.1647    -0.061038   -0.26461
 -0.12669   -0.18576     -0.12222      0.3809     0.4003   -0.16078   -1.2124     1.3897   -0.37922    0.19189    -0.096352
 -0.071257   0.00060448   0.080355    -0.4548    -0.50349   0.16899   -0.56222   -4.3508    0.44315   -0.22341    -0.2074
 -0.037541  -0.033333    -0.049912    -0.090424  -0.10211   0.03229   -0.18179   -0.30301  -0.055765   0.01436    -0.0076697
 -0.04225   -0.013105     0.02398     -0.11784   -0.32893   0.020748   0.054767  -2.0963    0.11124   -0.19213     0.023816
 -0.3742     0.27843      0.24887     -0.16829    0.08399   0.033691  -0.23242   -0.39513   0.31454   -0.038764   -0.3841

==================================
r vectors:
(T = 1)
11-element Vector{Float64}:
 0.36807
 0.31023
 0.3561
 0.54006
 0.70898
 0.47064
 0.2297
 0.83005
 0.39181
 0.29075
 0.32367
