==================================
Setup:
N: 11
T: 1
add: 1.0
del: 3.0
nat: 0.1
temp: 5.0
Source: Data set
Data set: Carrara
Species names: ["Chi", "Cyc", "Tet", "Dex", "Col", "Pau", "Cep", "Spi", "Eug", "Eup", "Pbu"]
Species label: [1, 2, 3, 4, 5, 6, 7, 8, 9, 10, 11]
Temperature names: [""]
Temperature label: [1]

==================================
Statistics:
Proportion of candidate states: 0.0185546875
Candidate states: 38
Total states: 2048
Total candidate pairs evaluated: 1406
Total natural transitions: 1973

Path length diff avg: -0.15362731152204837
Path length diff val: [0, -1, 2, -3, -2, 1]
Path length diff count: [1026, 209, 19, 5, 59, 88]

Cost improvement avg: 2.8024893314367
Cost improvement val: [5.8, 1.9, 3.7, 8.7, 7.7, 0.0, 1.8, 2.9, 8.9, 7.9, 3.8, 4.7, 8.8, 10.7, 0.9, 6.7, 0.8, 4.8, 7.8, 7.6, 6.8, 4.9, 3.9, 10.9, 10.8, 5.9]
Cost improvement count: [60, 123, 3, 3, 6, 447, 12, 366, 18, 14, 17, 1, 12, 4, 25, 3, 2, 64, 40, 1, 7, 106, 9, 1, 11, 51]

==================================
A matrices:
(T = 1)
11×11 Matrix{Float64}:
 -1.0     -1.023   -1.4611  -0.3449  -0.8373  -1.5875  -0.5946   1.066   -0.5141  -0.5263  -0.3545
 -1.1549  -1.0     -1.0655  -0.9199  -0.8759   2.1735  -0.1613  -0.1579  -0.6426  -0.7997  -0.2817
 -1.4815  -0.8148  -1.0     -1.6794  -1.5508  -1.8268  -1.9719  -1.0666  -2.1813  -1.8822  -1.9975
 -1.5365  -1.6825  -1.9807  -1.0     -1.0653  -1.0495  -0.35    -1.2339  -0.562   -0.6849  -0.4627
 -0.9274  -0.8517  -1.6306  -0.6633  -1.0     -1.9268  -1.1965   0.5569  -1.1677  -0.7363  -0.7288
 -1.4268  -0.9689  -1.3998  -0.7312  -1.3893  -1.0     -1.5521  -1.0199  -2.1267  -1.3728  -1.8309
 -0.139   -0.795   -1.6267  -0.8997   0.7059  -1.3333  -1.0      1.4932  -0.8915   0.8576   1.1735
 -1.7964  -1.5458  -1.7812  -1.5611  -0.9797  -1.9432  -1.1217  -1.0     -1.9383  -1.0255   0.053
  0.9374  -0.477   -0.3043  -0.5514   0.8635  -1.3098   0.3906   0.9835  -1.0     -1.254   -1.2172
  2.6786   1.4037  -1.789    2.0786   1.4575  -1.7269  -0.93     1.9355  -1.36    -1.0     -0.7551
  1.6213  -0.2978  -1.9866  -0.4273  -0.8137  -1.967   -0.7511  -0.6264  -1.2314  -0.7942  -1.0

==================================
r vectors:
(T = 1)
11-element Vector{Float64}:
 0.98
 2.5
 2.24
 1.1
 1.5
 0.86
 0.67
 0.57
 0.87
 0.43
 0.23
